# Ratios to PHITS combined (Concrete 45cm + Steel 33cm)
# cnn_mod_raw   : CNN Steel 33cm  (modified Concrete 45 source, raw)
# cnn_mod_corr  : CNN Steel 33cm  (modified source, /avg_ratio)
# cnn_orig_raw  : CNN Steel 33cm  (original norm Concrete 45 source)
# cnn_conc45    : CNN Concrete 45cm alone  (T10 source)
# cnn_steel33   : CNN Steel 33cm alone  (T10 source)
# unshielded    : No-shielding PHITS
# avg_ratio (mod src) = 26.9303
#
  energy_MeV    cnn_mod_raw   cnn_mod_corr   cnn_orig_raw    cnn_conc45   cnn_steel33    unshielded
         0.5        26.3313         0.9778        27.5790        2.7004       19.6518       27.7848
         1.5        21.7037         0.8059        15.4126        2.0976       10.0742      122.4284
         2.5        24.8543         0.9229        11.9879        8.9379        5.1534      225.3045
         3.5        23.4275         0.8699        10.8366        6.1379        3.8334      222.2304
         4.5        25.6575         0.9527        11.2175       10.1357        3.5173      204.4730
         5.5        27.6982         1.0285        11.9954       13.7179        3.5316      181.0571
         6.5        26.2854         0.9761        11.3296       13.0027        3.2123      141.4883
         7.5        26.1493         0.9710        11.6250        9.4258        3.2662      127.9414
         8.5        29.2047         1.0845        12.8786       10.5299        3.4774      127.9314
         9.5        29.0050         1.0770        13.1788        8.6678        3.4733      112.5962
        10.5        28.3984         1.0545        12.9550        7.6129        3.2940       96.9661
        11.5        24.5987         0.9134        11.4775        5.4796        2.8664       76.6427
        12.5        29.4121         1.0922        13.7653        6.5797        3.3725       81.8498
        13.5        27.9548         1.0380        13.2102        6.0884        3.1824       67.7613
        14.5        28.7916         1.0691        13.6341        5.9435        3.2239       60.9537
        15.5        27.9945         1.0395        13.4136        5.4914        3.1597       56.4666
        16.5        26.9053         0.9991        12.8693        5.2725        2.9651       51.7164
        17.5        28.5830         1.0614        13.8242        5.2381        3.1175       52.8822
        18.5        24.4431         0.9076        11.8169        4.3872        2.6423       42.3671
        19.5        26.8781         0.9981        13.0240        4.9988        2.8893       44.2384
        20.5        34.7290         1.2896        16.4736        7.9471        3.5848       47.5519
        21.5        28.6813         1.0650        13.6682        6.5714        2.9478       35.9381
        22.5        29.9751         1.1131        14.3579        6.9780        3.0920       37.2248
        23.5        27.2296         1.0111        13.0122        6.3432        2.7613       33.6178
        24.5        30.5113         1.1330        14.5424        6.9953        3.0421       37.3788
        25.5        33.2748         1.2356        15.9803        7.6568        3.2964       39.4369
        26.5        28.4174         1.0552        13.6386        6.4876        2.7903       31.0841
        27.5        30.8240         1.1446        14.7916        7.2064        3.0342       34.1471
        28.5        28.4167         1.0552        13.5896        6.5407        2.7439       30.3873
        29.5        28.0510         1.0416        13.4743        6.5108        2.7161       28.0322
        30.5        24.0568         0.8933        11.6225        5.6069        2.3226       24.4764
        31.5        28.8538         1.0714        13.9073        6.7959        2.7938       28.0306
        32.5        26.3202         0.9773        12.5732        6.2930        2.4705       26.2370
        33.5        25.4981         0.9468        12.1982        6.0721        2.3888       25.4158
        34.5        29.8152         1.1071        14.2718        7.0318        2.7880       30.1033
        35.5        25.0006         0.9283        11.9405        5.9132        2.3447       23.9655
        36.5        36.5219         1.3562        17.5030        8.9284        3.4867       33.3785
        37.5        31.0549         1.1532        14.9934        7.6903        3.0014       28.3532
        38.5        29.2715         1.0869        14.2071        7.3470        2.8573       26.6123
        39.5        28.5622         1.0606        13.9741        7.2862        2.8153       26.8121
        40.5        35.8221         1.3302        17.5455        9.3172        3.5641       34.9325
        41.5        25.7326         0.9555        12.6738        6.7876        2.5817       26.0187
        42.5        22.1866         0.8239        11.1380        5.9237        2.2810       22.9963
        43.5        23.2224         0.8623        11.8993        6.2567        2.4431       24.4314
        44.5        23.6753         0.8791        12.4437        6.3162        2.5117       23.6980
        45.5        21.9330         0.8144        11.7111        5.6554        2.2735       21.2640
        46.5        24.7708         0.9198        13.1339        6.2074        2.4962       23.2779
        47.5        22.2296         0.8255        11.3721        5.1881        2.1175       19.5971
        48.5        28.6379         1.0634        13.8399        6.5269        2.5493       24.1177
        49.5        28.3629         1.0532        12.8004        6.2810        2.3827       22.2189
        50.5        29.3409         1.0895        12.5280        6.5324        2.4380       23.9877
        51.5        33.4769         1.2431        13.9529        7.3339        2.7867       28.1377
        52.5        33.1121         1.2295        13.8989        7.3051        2.8115       28.0794
        53.5        25.0607         0.9306        10.9986        5.6524        2.2529       21.4129
        54.5        29.2944         1.0878        13.5679        6.7662        2.8041       24.6325
        55.5        26.7835         0.9945        13.0457        6.2332        2.6648       22.5733
        56.5        28.4412         1.0561        13.9440        6.5490        2.8026       21.9091
        57.5        26.2957         0.9764        12.6937        5.9972        2.5498       22.1406
        58.5        28.7982         1.0694        13.4145        6.4070        2.6731       23.2455
        59.5        31.2756         1.1614        14.0456        6.8475        2.8048       24.5735
        60.5        22.1781         0.8235         9.8241        4.8487        1.9302       18.2551
        61.5        26.1903         0.9725        11.8333        5.6665        2.2227       21.0808
        62.5        27.3857         1.0169        12.8279        5.8594        2.3297       21.0101
        63.5        26.4920         0.9837        12.8239        5.5249        2.2274       19.1716
        64.5        30.4329         1.1301        14.8827        6.2211        2.5584       20.0690
        65.5        29.6296         1.1002        14.2038        5.8863        2.3982       19.9129
        66.5        27.7188         1.0293        12.9942        5.4522        2.2524       17.6887
        67.5        22.7636         0.8453        10.4245        4.4703        1.8318       13.6280
        68.5        29.6287         1.1002        13.5113        5.9511        2.3798       18.7141
        69.5        27.9513         1.0379        12.8411        5.6631        2.2457       17.7078
        70.5        29.4934         1.0952        13.9607        5.9800        2.3940       19.6652
        71.5        27.9356         1.0373        13.5842        5.6266        2.3089       18.4261
        72.5        25.8968         0.9616        12.5290        5.1022        2.1508       16.7139
        73.5        29.8621         1.1089        14.4029        5.6477        2.5231       20.4981
        74.5        23.9608         0.8897        11.4152        4.3682        2.0496       16.7585
        75.5        20.2640         0.7525         9.6089        3.6805        1.7510       14.4231
        76.5        21.3018         0.7910        10.2792        3.9709        1.8897       15.5108
        77.5        18.7162         0.6950         9.3338        3.7044        1.7245       15.1814
        78.5        22.7789         0.8458        11.9034        4.8365        2.1824       18.5152
        79.5        22.6311         0.8404        12.2887        5.1028        2.2813       17.7628
        80.5        22.2562         0.8264        12.0511        4.9961        2.2723       16.1762
        81.5        20.1790         0.7493        10.7210        4.4612        2.0608       13.6332
        82.5        25.2436         0.9374        12.9997        5.2859        2.4934       17.9308
        83.5        21.3943         0.7944        10.7725        4.3797        2.0965       14.1722
        84.5        22.5416         0.8370        11.2795        4.5510        2.1575       13.9815
        85.5        19.9387         0.7404        10.1510        4.1342        1.8788       14.0095
        86.5        22.7034         0.8430        12.0059        4.8704        2.1331       18.1098
        87.5        22.4195         0.8325        12.1175        4.9733        2.1012       16.6496
        88.5        20.2662         0.7525        10.8230        4.4740        1.8458       13.1278
        89.5        21.1828         0.7866        10.6423        4.3738        1.8383       13.7722
        90.5        23.0850         0.8572        10.6530        4.5077        1.8759       14.9369
        91.5        21.5262         0.7993         9.1267        3.9414        1.6868       13.1848
        92.5        25.2870         0.9390        10.1255        4.4818        1.9556       15.5197
        93.5        24.0191         0.8919         9.4707        4.3630        1.8881       14.7150
        94.5        29.3439         1.0896        11.9448        5.7060        2.4201       16.6313
        95.5        28.9579         1.0753        12.4076        6.0033        2.5451       15.7770
        96.5        23.7560         0.8821        10.8427        5.1766        2.2171       15.3129
        97.5        22.0047         0.8171        10.5352        4.8397        2.1162       14.4060
        98.5        19.8125         0.7357         9.6633        4.2367        1.8958       13.4369
        99.5        18.8463         0.6998         9.1638        3.8596        1.7725       12.6907
       100.5        24.8117         0.9213        11.7290        4.7313        2.1963       13.8547
       101.5        26.5983         0.9877        12.1708        4.7061        2.1639       11.9944
       102.5        26.2034         0.9730        11.6256        4.4016        1.9755       12.9560
       103.5        27.7690         1.0311        11.9956        4.6332        1.9854       14.3942
       104.5        32.7140         1.2148        13.9939        5.3822        2.2846       15.1365
       105.5        36.6994         1.3628        15.8678        6.1978        2.6585       15.8923
       106.5        24.7446         0.9188        10.6926        4.3392        1.8845       13.2426
       107.5        20.8326         0.7736         9.0571        3.7555        1.6705       12.1963
       108.5        22.0234         0.8178         9.6317        4.1919        1.8819       12.9156
       109.5        21.9304         0.8143         9.6639        4.2646        1.9303       12.6239
       110.5        23.4886         0.8722        10.3934        4.5291        2.0010       12.9599
       111.5        21.4176         0.7953         9.8773        4.1374        1.7740       11.2644
       112.5        22.2307         0.8255        10.7592        4.0095        1.7531       11.7814
       113.5        24.2033         0.8987        12.3542        4.1279        1.8484       13.2183
       114.5        25.7557         0.9564        13.5235        4.2690        1.9285       13.4730
       115.5        24.1842         0.8980        12.5187        4.0699        1.8359       12.1552
       116.5        20.5752         0.7640        10.4200        3.5900        1.6651       10.7532
       117.5        25.8424         0.9596        12.5507        4.8022        2.2393       14.6158
       118.5        17.5542         0.6518         8.3379        3.5549        1.6333       11.1540
       119.5        20.4532         0.7595         9.7514        4.4167        1.9567       13.5399
       120.5        20.2262         0.7511        10.1771        4.5166        1.9594       12.9286
       121.5        19.2579         0.7151        10.2480        4.2008        1.7295       12.7157
       122.5        19.7998         0.7352        11.0148        4.1255        1.6824       11.9327
       123.5        32.4077         1.2034        17.6022        6.0929        2.5188       17.3598
       124.5        25.6650         0.9530        13.0568        4.3617        1.8715       11.3660
       125.5        27.6300         1.0260        12.8580        4.5145        1.9959       11.4524
       126.5        33.5675         1.2465        14.3705        5.6001        2.5116       14.9577
       127.5        22.9103         0.8507         9.4793        3.8693        1.7527       11.0404
       128.5        23.7001         0.8801         9.9711        4.1064        1.8043       12.4943
       129.5        21.1226         0.7843         9.6075        3.9274        1.6903       10.7898
       130.5        22.1709         0.8233        10.9725        4.3538        1.8399       12.0548
       131.5        23.7416         0.8816        12.5390        4.9420        2.0351       14.1826
       132.5        25.1746         0.9348        13.1163        5.3544        2.2083       14.9724
       133.5        22.1721         0.8233        10.6524        4.6845        1.9620       13.7393
       134.5        18.3972         0.6831         7.8355        3.7154        1.5743       11.0091
       135.5        21.6752         0.8049         8.3816        4.1074        1.7719       12.8866
       136.5        21.1711         0.7861         7.7729        3.5825        1.6016       12.0407
       137.5        20.5218         0.7620         7.5585        3.2227        1.4848       10.9204
       138.5        27.5752         1.0239        10.6982        4.2485        1.9853       14.0575
       139.5        28.1894         1.0468        11.4424        4.3458        2.0503       12.5355
       140.5        26.6174         0.9884        11.1236        4.3530        2.0215       12.0639
       141.5        27.2315         1.0112        11.3457        4.7620        2.1911       13.9323
       142.5        23.8243         0.8847         9.7440        4.4876        2.0176       12.7518
       143.5        21.4763         0.7975         8.6122        4.1197        1.8542       12.3061
       144.5        33.2078         1.2331        13.2371        6.3141        2.8586       17.1718
       145.5        30.2161         1.1220        12.4671        5.4647        2.5376       15.2763
       146.5        22.7252         0.8439         9.8947        4.0447        1.8827       13.9509
       147.5        19.8721         0.7379         9.0704        3.6110        1.6605       12.2044
       148.5        24.2207         0.8994        11.3799        4.3939        2.0167       12.4868
       149.5        22.8489         0.8484        10.7309        4.1874        1.9485       12.0932
       150.5        24.4572         0.9082        11.1934        4.6531        2.1689       14.9623
       151.5        24.4623         0.9084        10.8828        4.8138        2.2471       14.5369
       152.5        23.8895         0.8871        10.2709        4.7710        2.1537       14.4165
       153.5        19.0937         0.7090         8.0071        3.6918        1.6275       12.9141
       154.5        17.0730         0.6340         7.0526        3.1691        1.3966       10.1841
       155.5        17.3273         0.6434         7.0248        3.0635        1.3266       10.1838
       156.5        25.2554         0.9378        10.1615        4.1452        1.8230       12.9124
       157.5        21.6059         0.8023         8.6103        3.5583        1.5436        8.7109
       158.5        25.3677         0.9420        10.1189        4.1832        1.8104       11.8891
       159.5        17.9175         0.6653         7.2348        3.0919        1.3501       10.8637
       160.5        17.1157         0.6356         7.1280        3.0813        1.3575        9.9499
       161.5        21.7499         0.8076         9.4222        4.1062        1.8405       11.0967
       162.5        21.4474         0.7964         9.5661        4.1268        1.8937       14.3680
       163.5        21.4982         0.7983         9.5479        3.9905        1.8433       12.5448
       164.5        31.1503         1.1567        13.3058        5.4426        2.4795       17.2207
       165.5        23.3350         0.8665         9.2977        3.6661        1.6577       12.0366
       166.5        22.4804         0.8348         8.3636        3.2464        1.4580        9.7948
       167.5        27.4271         1.0185         9.8230        3.7850        1.7171       12.8284
       168.5        39.2889         1.4589        14.2473        5.5298        2.5258       19.9528
       169.5        27.0154         1.0032        10.3240        4.0492        1.8515       15.0537
       170.5        24.0457         0.8929        10.0916        4.1602        1.9121       11.9222
       171.5        26.7740         0.9942        12.1344        5.1948        2.3446       17.4579
       172.5        19.8200         0.7360         9.5430        4.1472        1.8611       12.0455
       173.5        23.0939         0.8575        11.4100        4.8675        2.1818       13.9099
       174.5        17.2536         0.6407         8.4242        3.6100        1.5649       13.5251
       175.5        21.0323         0.7810         9.9848        4.1903        1.8014       12.6328
       176.5        25.0532         0.9303        11.5173        4.8596        2.0837       12.4302
       177.5        22.1340         0.8219        10.0164        4.1099        1.8211       12.1460
       178.5        27.3374         1.0151        12.2089        4.8233        2.2055       14.5206
       179.5        21.2788         0.7901         9.6913        3.8007        1.7680       12.3123
       180.5        16.7478         0.6219         7.5653        3.0481        1.3592       10.5050
       181.5        24.4189         0.9067        11.0449        4.6226        1.9970       13.0655
       182.5        27.3790         1.0167        12.2100        5.2346        2.1732       14.6493
       183.5        25.1234         0.9329        11.0897        4.6946        1.9617       13.5052
       184.5        33.7986         1.2550        14.4354        6.0373        2.5489       16.4473
       185.5        24.5687         0.9123        10.2929        4.0468        1.7958       13.4287
       186.5        34.8837         1.2953        14.6274        5.6543        2.5648       16.7027
       187.5        23.3524         0.8671         9.8827        3.6992        1.6766       11.3404
       188.5        36.9935         1.3737        15.9860        6.1839        2.7463       18.7939
       189.5        26.8826         0.9982        11.9585        4.7828        2.0588       10.8389
       190.5        15.2154         0.5650         6.8538        2.8617        1.2228        7.1081
       191.5        25.8119         0.9585        11.6885        5.1874        2.2028       13.3714
       192.5        24.1064         0.8951        10.8072        4.8784        2.1064       16.8221
       193.5        21.4857         0.7978         9.5117        4.2804        1.8993       14.3437
       194.5        23.1800         0.8607        10.3563        4.5998        2.1297       16.0179
       195.5        18.9765         0.7047         8.5194        3.6643        1.7062       13.7674
       196.5        29.9038         1.1104        13.6231        5.8490        2.6609       17.5910
       197.5        36.7681         1.3653        16.6575        7.3217        3.1410       15.0972
       198.5        34.2756         1.2728        15.4092        6.8208        2.8266       19.3848
       199.5        20.8913         0.7758         9.2417        4.0353        1.6520       14.4592
       200.5        27.9702         1.0386        12.0444        5.2516        2.1685       14.8667
       201.5        25.2731         0.9385        10.4984        4.3975        1.8992       12.9254
       202.5        24.3361         0.9037         9.7573        3.9450        1.7842       11.1894
       203.5        43.1059         1.6006        17.3408        7.1088        3.2460       20.9996
       204.5        29.6512         1.1010        12.0714        4.9100        2.2524       14.1172
       205.5        27.3597         1.0159        11.3898        4.8565        2.1576       14.9192
       206.5        23.7487         0.8819         9.9464        4.3418        1.8332       12.3091
       207.5        28.4542         1.0566        12.0238        5.4289        2.2331       13.6271
       208.5        23.0960         0.8576         9.7899        4.2746        1.7540       15.1366
       209.5        29.8078         1.1069        12.8204        5.4793        2.3403       15.2085
       210.5        20.9936         0.7796         8.9079        3.7424        1.6577       13.4068
       211.5        19.4890         0.7237         8.0639        3.3978        1.5364       12.7048
       212.5        21.6777         0.8050         8.8265        3.8570        1.7113       14.4707
       213.5        20.3248         0.7547         8.1775        3.7795        1.5959       13.9441
       214.5        24.4251         0.9070         9.8033        4.6739        1.9188       16.6067
       215.5        42.7466         1.5873        17.6481        8.3794        3.3875       20.5333
       216.5       115.9337         4.3050        49.7810       22.7694        9.4693       38.0649
       217.5        26.7849         0.9946        11.8813        5.2446        2.2714       15.3417
       218.5        26.8010         0.9952        12.0709        5.1200        2.3424       27.5336
       219.5        12.3272         0.4577         5.4829        2.3134        1.0507       11.8389
       220.5        19.0677         0.7080         8.2391        3.6624        1.5803       13.6644
       221.5        63.3459         2.3522        25.8160       12.0926        4.8937       24.2693
       222.5        91.5717         3.4003        35.3751       17.2459        6.6886       37.3228
       223.5        34.3056         1.2739        12.7913        6.3067        2.4078       20.6761
       224.5        36.7133         1.3633        13.9990        6.5079        2.5874       23.4068
       225.5        17.4920         0.6495         7.1066        3.1099        1.3239       10.5174
       226.5        47.1868         1.7522        20.5887        8.8151        3.9210       22.2968
       227.5        53.7508         1.9959        25.2544       10.6950        4.9701       16.6488
       228.5        29.2165         1.0849        14.4091        6.3514        2.9331       24.3822
       229.5        12.9394         0.4805         6.4784        3.0365        1.3853       12.7662
       230.5        31.1375         1.1562        15.3139        7.6436        3.3563       35.2365
       231.5        48.0489         1.7842        22.8045       11.6384        5.0521       43.9015
       232.5        14.8263         0.5505         6.7456        3.4457        1.4379       10.0559
       233.5        54.1193         2.0096        24.1500       11.8332        4.7826       34.0271
       234.5        12.9460         0.4807         5.7982        2.7275        1.0739       10.1454
       235.5        29.8616         1.1089        13.3070        6.2586        2.3422       23.6684
       236.5        18.9210         0.7026         8.5607        4.1462        1.5115       14.4351
       237.5       110.8232         4.1152        51.8147       25.5066        9.4999       66.7521
       238.5        19.4183         0.7211         9.1716        4.7271        1.7969       14.1263
       239.5        39.3693         1.4619        18.2558        9.0965        3.7154       36.3782
       240.5        17.1700         0.6376         7.6712        3.8116        1.6292       12.8180
       241.5        22.0090         0.8173         9.3332        4.4656        1.9845       16.5675
       242.5        15.1983         0.5644         6.2927        3.0497        1.3583       10.8033
       243.5        16.9788         0.6305         7.0753        3.4543        1.4741       15.7711
       244.5        10.2802         0.3817         4.4247        2.2899        0.9304       12.7593
       245.5            nan            nan            nan           nan           nan           nan
       246.5        31.0309         1.1523        14.8232        7.7749        2.8771       16.2168
       247.5        62.4769         2.3200        30.1957       14.0176        5.3377       22.4841
       248.5            nan            nan            nan           nan           nan           nan
       249.5            nan            nan            nan           nan           nan           nan
