# Source spectra table — Concrete_67cm_Steel_35cm
# tracknet10    : TrackNet10 normalised (sum=1)
# layer2_input  : norm output of Concrete_67cm (sum=1)
# raw_layer1    : raw CNN flux out of Concrete_67cm (n/cm2/src/MeV)
# unshielded    : no-shielding PHITS flux (n/cm2/src/MeV)
#
  energy_MeV      tracknet10    layer2_input      raw_layer1      unshielded
         0.5    5.226433e-01    4.733372e-01    5.587745e-01    2.534200e+01
         1.5    2.151194e-01    3.877584e-02    4.577488e-02    1.069400e+01
         2.5    9.921382e-02    4.263213e-02    5.032723e-02    4.938900e+00
         3.5    4.663395e-02    1.715988e-02    2.025724e-02    2.407200e+00
         4.5    2.465916e-02    1.745016e-02    2.059992e-02    1.309200e+00
         5.5    1.412320e-02    1.631759e-02    1.926292e-02    7.902600e-01
         6.5    9.184430e-03    1.344637e-02    1.587344e-02    5.249500e-01
         7.5    6.367362e-03    8.329285e-03    9.832721e-03    3.817900e-01
         8.5    4.908292e-03    7.320620e-03    8.641992e-03    2.932700e-01
         9.5    3.793749e-03    5.690095e-03    6.717157e-03    2.310700e-01
        10.5    3.027744e-03    4.907324e-03    5.793096e-03    1.876100e-01
        11.5    2.557925e-03    3.916065e-03    4.622914e-03    1.589800e-01
        12.5    2.182114e-03    3.874545e-03    4.573901e-03    1.386700e-01
        13.5    1.910075e-03    3.801135e-03    4.487240e-03    1.184400e-01
        14.5    1.594949e-03    3.604459e-03    4.255064e-03    1.017500e-01
        15.5    1.463634e-03    3.249790e-03    3.836377e-03    9.201800e-02
        16.5    1.277654e-03    3.161126e-03    3.731710e-03    8.427700e-02
        17.5    1.240221e-03    2.872164e-03    3.390589e-03    7.713400e-02
        18.5    1.072762e-03    2.752413e-03    3.249224e-03    7.014300e-02
        19.5    9.875945e-04    2.781700e-03    3.283797e-03    6.351300e-02
        20.5    9.016737e-04    3.855483e-03    4.551398e-03    5.959200e-02
        21.5    8.261397e-04    3.774129e-03    4.455359e-03    5.305900e-02
        22.5    7.724593e-04    3.801035e-03    4.487122e-03    5.166800e-02
        23.5    7.579949e-04    3.764519e-03    4.444014e-03    5.014100e-02
        24.5    7.315648e-04    3.723698e-03    4.395826e-03    4.935500e-02
        25.5    7.096775e-04    3.674620e-03    4.337889e-03    4.622400e-02
        26.5    6.372129e-04    3.677001e-03    4.340699e-03    4.255100e-02
        27.5    6.047094e-04    3.588404e-03    4.236110e-03    4.109600e-02
        28.5    6.301635e-04    3.623736e-03    4.277821e-03    4.001400e-02
        29.5    5.644698e-04    3.658959e-03    4.319401e-03    3.742300e-02
        30.5    5.530623e-04    3.725277e-03    4.397689e-03    3.809500e-02
        31.5    5.661317e-04    3.797831e-03    4.483339e-03    3.628000e-02
        32.5    5.161478e-04    3.705036e-03    4.373795e-03    3.562200e-02
        33.5    5.230602e-04    3.611257e-03    4.263089e-03    3.453500e-02
        34.5    5.013094e-04    3.565765e-03    4.209386e-03    3.467300e-02
        35.5    5.015938e-04    3.610551e-03    4.262256e-03    3.309400e-02
        36.5    4.757248e-04    3.627430e-03    4.282181e-03    3.080500e-02
        37.5    4.484003e-04    3.567802e-03    4.211790e-03    2.976800e-02
        38.5    4.466441e-04    3.582506e-03    4.229148e-03    2.936400e-02
        39.5    4.354677e-04    3.542951e-03    4.182454e-03    2.931900e-02
        40.5    4.062724e-04    3.370733e-03    3.979151e-03    2.834600e-02
        41.5    4.238118e-04    3.374978e-03    3.984161e-03    2.895100e-02
        42.5    4.265420e-04    3.340823e-03    3.943841e-03    2.879600e-02
        43.5    4.064187e-04    3.308961e-03    3.906228e-03    2.822800e-02
        44.5    4.096045e-04    3.265018e-03    3.854354e-03    2.636400e-02
        45.5    3.967504e-04    3.243388e-03    3.828819e-03    2.547000e-02
        46.5    3.533838e-04    3.276805e-03    3.868268e-03    2.560100e-02
        47.5    3.746756e-04    3.313433e-03    3.911507e-03    2.539200e-02
        48.5    3.779122e-04    3.381565e-03    3.991937e-03    2.524400e-02
        49.5    3.701634e-04    3.229955e-03    3.812962e-03    2.316100e-02
        50.5    3.299704e-04    3.258908e-03    3.847141e-03    2.501200e-02
        51.5    3.852835e-04    3.115492e-03    3.677838e-03    2.532200e-02
        52.5    3.863087e-04    3.163279e-03    3.734251e-03    2.560700e-02
        53.5    3.538326e-04    3.206028e-03    3.784716e-03    2.538500e-02
        54.5    3.705422e-04    3.359988e-03    3.966466e-03    2.520400e-02
        55.5    3.529589e-04    3.379353e-03    3.989326e-03    2.432500e-02
        56.5    3.607111e-04    3.470843e-03    4.097330e-03    2.241300e-02
        57.5    3.171100e-04    3.268935e-03    3.858978e-03    2.305500e-02
        58.5    3.525931e-04    3.215991e-03    3.796477e-03    2.242700e-02
        59.5    2.989628e-04    2.955019e-03    3.488400e-03    2.069800e-02
        60.5    3.120084e-04    2.845196e-03    3.358754e-03    2.151000e-02
        61.5    3.137998e-04    2.769498e-03    3.269393e-03    2.080800e-02
        62.5    3.097197e-04    2.815927e-03    3.324202e-03    2.049700e-02
        63.5    3.014370e-04    2.825397e-03    3.335382e-03    1.967200e-02
        64.5    2.725034e-04    3.001491e-03    3.543260e-03    1.902400e-02
        65.5    2.848456e-04    2.918852e-03    3.445704e-03    1.901300e-02
        66.5    2.719625e-04    2.958570e-03    3.492592e-03    1.837500e-02
        67.5    2.713756e-04    3.021581e-03    3.566977e-03    1.786500e-02
        68.5    2.541220e-04    2.924883e-03    3.452824e-03    1.852300e-02
        69.5    2.710849e-04    2.737849e-03    3.232031e-03    1.781400e-02
        70.5    2.726733e-04    2.542630e-03    3.001575e-03    1.776200e-02
        71.5    2.370334e-04    2.646445e-03    3.124129e-03    1.827500e-02
        72.5    2.875185e-04    2.567316e-03    3.030716e-03    1.700300e-02
        73.5    2.247268e-04    2.351431e-03    2.775865e-03    1.610000e-02
        74.5    2.392355e-04    2.280943e-03    2.692653e-03    1.562800e-02
        75.5    2.296926e-04    2.224249e-03    2.625726e-03    1.523800e-02
        76.5    2.262787e-04    2.264817e-03    2.673616e-03    1.546400e-02
        77.5    2.251686e-04    2.219711e-03    2.620369e-03    1.661600e-02
        78.5    2.538528e-04    2.201928e-03    2.599376e-03    1.619800e-02
        79.5    2.318166e-04    2.169526e-03    2.561126e-03    1.511900e-02
        80.5    2.256829e-04    2.193675e-03    2.589634e-03    1.400500e-02
        81.5    1.973852e-04    2.313662e-03    2.731278e-03    1.344400e-02
        82.5    2.098483e-04    2.264697e-03    2.673475e-03    1.405200e-02
        83.5    1.960335e-04    2.349423e-03    2.773494e-03    1.341700e-02
        84.5    1.984748e-04    2.333069e-03    2.754189e-03    1.272500e-02
        85.5    1.876114e-04    2.152292e-03    2.540780e-03    1.343400e-02
        86.5    1.964082e-04    2.074451e-03    2.448890e-03    1.486600e-02
        87.5    2.372048e-04    2.073458e-03    2.447718e-03    1.398900e-02
        88.5    1.894625e-04    2.084365e-03    2.460592e-03    1.214900e-02
        89.5    1.786759e-04    1.941002e-03    2.291353e-03    1.174600e-02
        90.5    1.691569e-04    1.943676e-03    2.294510e-03    1.191400e-02
        91.5    1.805618e-04    1.974261e-03    2.330615e-03    1.179000e-02
        92.5    1.675213e-04    1.892429e-03    2.234013e-03    1.181300e-02
        93.5    1.840867e-04    1.930592e-03    2.279064e-03    1.223700e-02
        94.5    1.741728e-04    2.041257e-03    2.409703e-03    1.176100e-02
        95.5    1.724021e-04    2.179195e-03    2.572540e-03    1.157400e-02
        96.5    1.713868e-04    2.070651e-03    2.444404e-03    1.236100e-02
        97.5    1.875951e-04    1.997706e-03    2.358292e-03    1.149700e-02
        98.5    1.747493e-04    1.805489e-03    2.131379e-03    1.050200e-02
        99.5    1.383076e-04    1.785621e-03    2.107925e-03    1.046300e-02
       100.5    1.637510e-04    1.791551e-03    2.114926e-03    9.260900e-03
       101.5    1.283254e-04    1.769364e-03    2.088734e-03    8.031600e-03
       102.5    1.158613e-04    1.731683e-03    2.044251e-03    9.247200e-03
       103.5    1.299364e-04    1.631552e-03    1.926047e-03    9.489200e-03
       104.5    1.549606e-04    1.668688e-03    1.969886e-03    8.798700e-03
       105.5    1.179679e-04    1.714990e-03    2.024546e-03    8.199300e-03
       106.5    1.227874e-04    1.691811e-03    1.997182e-03    9.335400e-03
       107.5    1.343858e-04    1.645201e-03    1.942160e-03    9.278100e-03
       108.5    1.320955e-04    1.716953e-03    2.026864e-03    9.128600e-03
       109.5    1.486694e-04    1.675664e-03    1.978122e-03    8.547500e-03
       110.5    1.172974e-04    1.588304e-03    1.874993e-03    7.871600e-03
       111.5    1.090872e-04    1.464974e-03    1.729401e-03    7.150400e-03
       112.5    1.053124e-04    1.396695e-03    1.648799e-03    7.463500e-03
       113.5    1.054350e-04    1.363024e-03    1.609050e-03    7.958900e-03
       114.5    1.254865e-04    1.323969e-03    1.562945e-03    7.615600e-03
       115.5    1.084844e-04    1.356619e-03    1.601489e-03    7.307200e-03
       116.5    1.096078e-04    1.359876e-03    1.605334e-03    7.308200e-03
       117.5    1.076979e-04    1.400208e-03    1.652946e-03    7.692900e-03
       118.5    1.088708e-04    1.468820e-03    1.733942e-03    8.213100e-03
       119.5    1.163006e-04    1.438948e-03    1.698678e-03    7.835700e-03
       120.5    1.167053e-04    1.389735e-03    1.640583e-03    7.114100e-03
       121.5    1.017466e-04    1.310084e-03    1.546554e-03    7.107300e-03
       122.5    1.104649e-04    1.289582e-03    1.522352e-03    6.650100e-03
       123.5    8.851905e-05    1.264740e-03    1.493026e-03    6.322800e-03
       124.5    1.073662e-04    1.211325e-03    1.429969e-03    5.552400e-03
       125.5    7.694714e-05    1.223416e-03    1.444243e-03    5.492900e-03
       126.5    6.891751e-05    1.244658e-03    1.469319e-03    6.004900e-03
       127.5    9.389809e-05    1.180030e-03    1.393025e-03    6.095400e-03
       128.5    9.597209e-05    1.083922e-03    1.279570e-03    6.072100e-03
       129.5    7.801972e-05    1.062011e-03    1.253704e-03    5.397400e-03
       130.5    8.070984e-05    1.115776e-03    1.317174e-03    5.691300e-03
       131.5    8.328382e-05    1.135501e-03    1.340459e-03    5.907200e-03
       132.5    7.728661e-05    1.114070e-03    1.315159e-03    5.646100e-03
       133.5    8.346242e-05    1.110979e-03    1.311511e-03    5.874100e-03
       134.5    7.970923e-05    1.023386e-03    1.208107e-03    5.457200e-03
       135.5    8.254857e-05    9.557471e-04    1.128259e-03    5.378600e-03
       136.5    7.440894e-05    8.778061e-04    1.036250e-03    5.264300e-03
       137.5    8.248219e-05    8.287723e-04    9.783658e-04    4.978600e-03
       138.5    6.904541e-05    7.958765e-04    9.395322e-04    4.657100e-03
       139.5    6.398959e-05    8.005266e-04    9.450217e-04    4.062500e-03
       140.5    6.064553e-05    8.500332e-04    1.003464e-03    4.157100e-03
       141.5    6.396512e-05    8.283193e-04    9.778310e-04    4.278600e-03
       142.5    7.113680e-05    9.057165e-04    1.069198e-03    4.571400e-03
       143.5    6.040473e-05    9.036465e-04    1.066755e-03    4.800000e-03
       144.5    8.210388e-05    9.118791e-04    1.076473e-03    4.511900e-03
       145.5    6.577951e-05    8.250680e-04    9.739927e-04    4.185700e-03
       146.5    5.887988e-05    7.232149e-04    8.537552e-04    4.500000e-03
       147.5    6.068864e-05    7.164827e-04    8.458078e-04    4.350500e-03
       148.5    7.282631e-05    7.468133e-04    8.816131e-04    3.823700e-03
       149.5    5.118088e-05    7.555407e-04    8.919159e-04    3.950000e-03
       150.5    5.791508e-05    7.407131e-04    8.744118e-04    4.371400e-03
       151.5    5.852536e-05    7.297316e-04    8.614481e-04    4.028600e-03
       152.5    6.708065e-05    7.165629e-04    8.459025e-04    4.000300e-03
       153.5    4.680794e-05    6.719949e-04    7.932900e-04    4.328800e-03
       154.5    7.057790e-05    6.881209e-04    8.123267e-04    4.071400e-03
       155.5    5.894003e-05    6.751558e-04    7.970214e-04    4.128600e-03
       156.5    6.377893e-05    6.472506e-04    7.640794e-04    3.612900e-03
       157.5    6.093260e-05    6.613609e-04    7.807366e-04    2.837400e-03
       158.5    2.916115e-05    5.989146e-04    7.070187e-04    2.942900e-03
       159.5    4.638214e-05    5.184291e-04    6.120056e-04    3.157100e-03
       160.5    5.488469e-05    4.725950e-04    5.578984e-04    2.721400e-03
       161.5    3.300135e-05    5.172522e-04    6.106162e-04    2.521400e-03
       162.5    3.954030e-05    5.111740e-04    6.034409e-04    3.264700e-03
       163.5    4.317789e-05    5.405513e-04    6.381207e-04    3.135700e-03
       164.5    6.067998e-05    5.173090e-04    6.106833e-04    3.028600e-03
       165.5    3.698424e-05    5.195722e-04    6.133550e-04    3.085700e-03
       166.5    4.701528e-05    5.250650e-04    6.198392e-04    2.821400e-03
       167.5    4.666848e-05    5.011861e-04    5.916502e-04    2.989400e-03
       168.5    3.703693e-05    4.638822e-04    5.476130e-04    2.917900e-03
       169.5    4.164653e-05    4.117727e-04    4.860976e-04    2.707100e-03
       170.5    3.841510e-05    4.617216e-04    5.450624e-04    2.378600e-03
       171.5    3.239142e-05    4.769927e-04    5.630899e-04    2.921400e-03
       172.5    4.378732e-05    4.943274e-04    5.835535e-04    2.650000e-03
       173.5    3.902270e-05    4.643051e-04    5.481122e-04    2.478600e-03
       174.5    3.448214e-05    4.335425e-04    5.117969e-04    3.035700e-03
       175.5    3.732576e-05    4.172101e-04    4.925166e-04    2.328600e-03
       176.5    4.731582e-05    4.339845e-04    5.123187e-04    2.007100e-03
       177.5    1.821358e-05    4.615229e-04    5.448278e-04    2.407100e-03
       178.5    4.231525e-05    4.448080e-04    5.250958e-04    2.342900e-03
       179.5    3.419043e-05    4.235742e-04    5.000293e-04    2.392900e-03
       180.5    3.047518e-05    4.120613e-04    4.864383e-04    2.485700e-03
       181.5    4.459185e-05    4.238625e-04    5.003698e-04    2.164300e-03
       182.5    3.278398e-05    4.172430e-04    4.925554e-04    2.142900e-03
       183.5    2.697649e-05    4.332807e-04    5.114879e-04    2.307100e-03
       184.5    3.447085e-05    4.300626e-04    5.076890e-04    2.181400e-03
       185.5    3.558765e-05    4.150180e-04    4.899288e-04    2.528900e-03
       186.5    3.355396e-05    4.057980e-04    4.790445e-04    2.194400e-03
       187.5    3.877153e-05    3.541201e-04    4.180388e-04    1.964500e-03
       188.5    2.441408e-05    3.689213e-04    4.355117e-04    2.042900e-03
       189.5    3.312215e-05    3.713834e-04    4.384181e-04    1.514300e-03
       190.5    2.714446e-05    3.401457e-04    4.015420e-04    1.514300e-03
       191.5    1.938559e-05    3.393884e-04    4.006480e-04    1.557100e-03
       192.5    2.522881e-05    2.896847e-04    3.419729e-04    1.778600e-03
       193.5    2.656223e-05    2.672292e-04    3.154640e-04    1.585700e-03
       194.5    2.270764e-05    2.982798e-04    3.521193e-04    1.828600e-03
       195.5    2.237535e-05    2.834912e-04    3.346614e-04    1.871400e-03
       196.5    2.826052e-05    3.040738e-04    3.589591e-04    1.621700e-03
       197.5    2.681464e-05    3.023114e-04    3.568787e-04    1.142900e-03
       198.5    1.953329e-05    3.101069e-04    3.660813e-04    1.632100e-03
       199.5    1.662174e-05    2.946983e-04    3.478914e-04    1.978600e-03
       200.5    2.613926e-05    2.729553e-04    3.222238e-04    1.464300e-03
       201.5    2.590866e-05    2.315924e-04    2.733948e-04    1.264300e-03
       202.5    1.661945e-05    2.023334e-04    2.388546e-04    1.042900e-03
       203.5    1.298119e-05    2.121365e-04    2.504272e-04    1.121400e-03
       204.5    2.314515e-05    2.095940e-04    2.474257e-04    1.071400e-03
       205.5    1.320448e-05    2.119363e-04    2.501908e-04    1.157100e-03
       206.5    1.589245e-05    2.056599e-04    2.427815e-04    1.028600e-03
       207.5    2.201395e-05    2.055181e-04    2.426142e-04    9.186600e-04
       208.5    9.015023e-06    1.821749e-04    2.150575e-04    1.157100e-03
       209.5    1.753430e-05    1.820670e-04    2.149301e-04    9.142900e-04
       210.5    1.333036e-05    1.848994e-04    2.182738e-04    1.221400e-03
       211.5    1.772264e-05    1.973281e-04    2.329459e-04    1.378600e-03
       212.5    2.657145e-05    2.029595e-04    2.395937e-04    1.421400e-03
       213.5    1.925114e-05    2.033825e-04    2.400930e-04    1.407100e-03
       214.5    1.874028e-05    2.039433e-04    2.407550e-04    1.371400e-03
       215.5    1.820124e-05    2.010420e-04    2.373300e-04    9.214300e-04
       216.5    1.851466e-05    1.845396e-04    2.178490e-04    5.714300e-04
       217.5    7.146880e-06    1.743741e-04    2.058486e-04    9.285700e-04
       218.5    1.341860e-05    1.637826e-04    1.933454e-04    1.571400e-03
       219.5    2.064835e-05    1.575784e-04    1.860213e-04    1.435700e-03
       220.5    2.441589e-05    1.837684e-04    2.169386e-04    1.242900e-03
       221.5    2.097723e-05    2.006578e-04    2.368765e-04    7.428600e-04
       222.5    1.423336e-05    2.038381e-04    2.406308e-04    8.428600e-04
       223.5    9.294728e-06    1.685151e-04    1.989321e-04    1.085700e-03
       224.5    1.469970e-05    1.481521e-04    1.748936e-04    1.054100e-03
       225.5    1.764974e-05    1.214449e-04    1.433657e-04    8.178000e-04
       226.5    1.342126e-05    1.027245e-04    1.212663e-04    5.071400e-04
       227.5    1.052033e-05    9.785362e-05    1.155162e-04    2.857100e-04
       228.5    2.932970e-06    1.071606e-04    1.265031e-04    7.357100e-04
       229.5    6.764979e-06    1.079530e-04    1.274385e-04    7.857100e-04
       230.5    1.375961e-05    1.027022e-04    1.212399e-04    8.111100e-04
       231.5    1.121363e-05    1.024913e-04    1.209910e-04    6.714300e-04
       232.5    1.390519e-05    1.040008e-04    1.227729e-04    5.357100e-04
       233.5    8.426481e-06    9.802330e-05    1.157165e-04    5.071400e-04
       234.5    7.091945e-06    1.012885e-04    1.195711e-04    6.928600e-04
       235.5    7.694586e-06    1.026753e-04    1.212082e-04    7.142900e-04
       236.5    1.363257e-05    1.033563e-04    1.220121e-04    6.500000e-04
       237.5    8.524380e-06    1.077188e-04    1.271621e-04    5.000000e-04
       238.5    7.162204e-06    1.185812e-04    1.399851e-04    6.357100e-04
       239.5    8.798057e-06    1.119752e-04    1.321868e-04    8.142900e-04
       240.5    1.164329e-05    1.057647e-04    1.248552e-04    6.714300e-04
       241.5    1.401547e-05    8.945193e-05    1.055980e-04    6.285700e-04
       242.5    7.542954e-06    8.455799e-05    9.982071e-05    5.714300e-04
       243.5    1.103673e-05    8.452848e-05    9.978587e-05    7.214500e-04
       244.5    7.182357e-06    9.203766e-05    1.086505e-04    9.571400e-04
       245.5    1.506106e-05    1.073549e-04    1.267325e-04    6.142900e-04
       246.5    1.089038e-05    1.218370e-04    1.438286e-04    4.857100e-04
       247.5    8.831376e-06    1.029069e-04    1.214816e-04    3.357100e-04
       248.5    2.774841e-06    6.675488e-05    7.880414e-05    5.785700e-04
       249.5    1.058365e-05    2.828191e-05    3.338679e-05    0.000000e+00
