# Source spectra table — Concrete_73cm_BPE_27cm
# tracknet10    : TrackNet10 normalised (sum=1)
# layer2_input  : norm output of Concrete_73cm (sum=1)
# raw_layer1    : raw CNN flux out of Concrete_73cm (n/cm2/src/MeV)
# unshielded    : no-shielding PHITS flux (n/cm2/src/MeV)
#
  energy_MeV      tracknet10    layer2_input      raw_layer1      unshielded
         0.5    5.226433e-01    4.315697e-01    3.926438e-01    2.534200e+01
         1.5    2.151194e-01    3.773632e-02    3.433265e-02    1.069400e+01
         2.5    9.921382e-02    4.079683e-02    3.711712e-02    4.938900e+00
         3.5    4.663395e-02    1.732531e-02    1.576263e-02    2.407200e+00
         4.5    2.465916e-02    1.747824e-02    1.590177e-02    1.309200e+00
         5.5    1.412320e-02    1.623596e-02    1.477154e-02    7.902600e-01
         6.5    9.184430e-03    1.347031e-02    1.225534e-02    5.249500e-01
         7.5    6.367362e-03    8.577360e-03    7.803715e-03    3.817900e-01
         8.5    4.908292e-03    7.580902e-03    6.897134e-03    2.932700e-01
         9.5    3.793749e-03    5.998360e-03    5.457330e-03    2.310700e-01
        10.5    3.027744e-03    5.235211e-03    4.763016e-03    1.876100e-01
        11.5    2.557925e-03    4.227667e-03    3.846347e-03    1.589800e-01
        12.5    2.182114e-03    4.189232e-03    3.811379e-03    1.386700e-01
        13.5    1.910075e-03    4.122052e-03    3.750259e-03    1.184400e-01
        14.5    1.594949e-03    3.923373e-03    3.569500e-03    1.017500e-01
        15.5    1.463634e-03    3.542820e-03    3.223271e-03    9.201800e-02
        16.5    1.277654e-03    3.454078e-03    3.142534e-03    8.427700e-02
        17.5    1.240221e-03    3.155800e-03    2.871159e-03    7.713400e-02
        18.5    1.072762e-03    3.026316e-03    2.753354e-03    7.014300e-02
        19.5    9.875945e-04    3.057994e-03    2.782175e-03    6.351300e-02
        20.5    9.016737e-04    4.185040e-03    3.807565e-03    5.959200e-02
        21.5    8.261397e-04    4.095552e-03    3.726150e-03    5.305900e-02
        22.5    7.724593e-04    4.123464e-03    3.751544e-03    5.166800e-02
        23.5    7.579949e-04    4.086255e-03    3.717691e-03    5.014100e-02
        24.5    7.315648e-04    4.047106e-03    3.682073e-03    4.935500e-02
        25.5    7.096775e-04    3.999267e-03    3.638549e-03    4.622400e-02
        26.5    6.372129e-04    4.007504e-03    3.646043e-03    4.255100e-02
        27.5    6.047094e-04    3.911030e-03    3.558270e-03    4.109600e-02
        28.5    6.301635e-04    3.951135e-03    3.594758e-03    4.001400e-02
        29.5    5.644698e-04    3.982659e-03    3.623439e-03    3.742300e-02
        30.5    5.530623e-04    4.053545e-03    3.687931e-03    3.809500e-02
        31.5    5.661317e-04    4.130760e-03    3.758181e-03    3.628000e-02
        32.5    5.161478e-04    4.031335e-03    3.667724e-03    3.562200e-02
        33.5    5.230602e-04    3.924407e-03    3.570441e-03    3.453500e-02
        34.5    5.013094e-04    3.869079e-03    3.520103e-03    3.467300e-02
        35.5    5.015938e-04    3.913796e-03    3.560787e-03    3.309400e-02
        36.5    4.757248e-04    3.928528e-03    3.574190e-03    3.080500e-02
        37.5    4.484003e-04    3.868382e-03    3.519469e-03    2.976800e-02
        38.5    4.466441e-04    3.890164e-03    3.539286e-03    2.936400e-02
        39.5    4.354677e-04    3.855416e-03    3.507672e-03    2.931900e-02
        40.5    4.062724e-04    3.679594e-03    3.347709e-03    2.834600e-02
        41.5    4.238118e-04    3.693851e-03    3.360680e-03    2.895100e-02
        42.5    4.265420e-04    3.672144e-03    3.340930e-03    2.879600e-02
        43.5    4.064187e-04    3.653829e-03    3.324267e-03    2.822800e-02
        44.5    4.096045e-04    3.613795e-03    3.287845e-03    2.636400e-02
        45.5    3.967504e-04    3.605013e-03    3.279855e-03    2.547000e-02
        46.5    3.533838e-04    3.643309e-03    3.314696e-03    2.560100e-02
        47.5    3.746756e-04    3.689862e-03    3.357051e-03    2.539200e-02
        48.5    3.779122e-04    3.769003e-03    3.429053e-03    2.524400e-02
        49.5    3.701634e-04    3.599152e-03    3.274523e-03    2.316100e-02
        50.5    3.299704e-04    3.623132e-03    3.296339e-03    2.501200e-02
        51.5    3.852835e-04    3.463109e-03    3.150749e-03    2.532200e-02
        52.5    3.863087e-04    3.520431e-03    3.202901e-03    2.560700e-02
        53.5    3.538326e-04    3.582916e-03    3.259751e-03    2.538500e-02
        54.5    3.705422e-04    3.772364e-03    3.432112e-03    2.520400e-02
        55.5    3.529589e-04    3.827595e-03    3.482361e-03    2.432500e-02
        56.5    3.607111e-04    3.957830e-03    3.600849e-03    2.241300e-02
        57.5    3.171100e-04    3.740327e-03    3.402964e-03    2.305500e-02
        58.5    3.525931e-04    3.676242e-03    3.344659e-03    2.242700e-02
        59.5    2.989628e-04    3.364197e-03    3.060760e-03    2.069800e-02
        60.5    3.120084e-04    3.221398e-03    2.930841e-03    2.151000e-02
        61.5    3.137998e-04    3.121772e-03    2.840200e-03    2.080800e-02
        62.5    3.097197e-04    3.154927e-03    2.870365e-03    2.049700e-02
        63.5    3.014370e-04    3.155357e-03    2.870756e-03    1.967200e-02
        64.5    2.725034e-04    3.347587e-03    3.045647e-03    1.902400e-02
        65.5    2.848456e-04    3.260942e-03    2.966817e-03    1.901300e-02
        66.5    2.719625e-04    3.311745e-03    3.013039e-03    1.837500e-02
        67.5    2.713756e-04    3.387667e-03    3.082113e-03    1.786500e-02
        68.5    2.541220e-04    3.276518e-03    2.980988e-03    1.852300e-02
        69.5    2.710849e-04    3.064225e-03    2.787844e-03    1.781400e-02
        70.5    2.726733e-04    2.844896e-03    2.588298e-03    1.776200e-02
        71.5    2.370334e-04    2.972010e-03    2.703946e-03    1.827500e-02
        72.5    2.875185e-04    2.903662e-03    2.641763e-03    1.700300e-02
        73.5    2.247268e-04    2.681886e-03    2.439990e-03    1.610000e-02
        74.5    2.392355e-04    2.618312e-03    2.382150e-03    1.562800e-02
        75.5    2.296926e-04    2.561257e-03    2.330241e-03    1.523800e-02
        76.5    2.262787e-04    2.602263e-03    2.367549e-03    1.546400e-02
        77.5    2.251686e-04    2.532755e-03    2.304311e-03    1.661600e-02
        78.5    2.538528e-04    2.498792e-03    2.273410e-03    1.619800e-02
        79.5    2.318166e-04    2.452460e-03    2.231258e-03    1.511900e-02
        80.5    2.256829e-04    2.491789e-03    2.267039e-03    1.400500e-02
        81.5    1.973852e-04    2.648946e-03    2.410021e-03    1.344400e-02
        82.5    2.098483e-04    2.614543e-03    2.378721e-03    1.405200e-02
        83.5    1.960335e-04    2.720936e-03    2.475518e-03    1.341700e-02
        84.5    1.984748e-04    2.696335e-03    2.453136e-03    1.272500e-02
        85.5    1.876114e-04    2.475765e-03    2.252460e-03    1.343400e-02
        86.5    1.964082e-04    2.375346e-03    2.161099e-03    1.486600e-02
        87.5    2.372048e-04    2.371818e-03    2.157889e-03    1.398900e-02
        88.5    1.894625e-04    2.404594e-03    2.187709e-03    1.214900e-02
        89.5    1.786759e-04    2.261174e-03    2.057225e-03    1.174600e-02
        90.5    1.691569e-04    2.279351e-03    2.073762e-03    1.191400e-02
        91.5    1.805618e-04    2.325438e-03    2.115693e-03    1.179000e-02
        92.5    1.675213e-04    2.216395e-03    2.016484e-03    1.181300e-02
        93.5    1.840867e-04    2.235222e-03    2.033613e-03    1.223700e-02
        94.5    1.741728e-04    2.334582e-03    2.124012e-03    1.176100e-02
        95.5    1.724021e-04    2.472739e-03    2.249707e-03    1.157400e-02
        96.5    1.713868e-04    2.344739e-03    2.133253e-03    1.236100e-02
        97.5    1.875951e-04    2.266703e-03    2.062255e-03    1.149700e-02
        98.5    1.747493e-04    2.056992e-03    1.871459e-03    1.050200e-02
        99.5    1.383076e-04    2.033821e-03    1.850378e-03    1.046300e-02
       100.5    1.637510e-04    2.039070e-03    1.855154e-03    9.260900e-03
       101.5    1.283254e-04    2.005178e-03    1.824318e-03    8.031600e-03
       102.5    1.158613e-04    1.956867e-03    1.780365e-03    9.247200e-03
       103.5    1.299364e-04    1.844266e-03    1.677920e-03    9.489200e-03
       104.5    1.549606e-04    1.902580e-03    1.730974e-03    8.798700e-03
       105.5    1.179679e-04    1.973043e-03    1.795082e-03    8.199300e-03
       106.5    1.227874e-04    1.969174e-03    1.791562e-03    9.335400e-03
       107.5    1.343858e-04    1.923246e-03    1.749777e-03    9.278100e-03
       108.5    1.320955e-04    1.991443e-03    1.811822e-03    9.128600e-03
       109.5    1.486694e-04    1.922241e-03    1.748863e-03    8.547500e-03
       110.5    1.172974e-04    1.803310e-03    1.640658e-03    7.871600e-03
       111.5    1.090872e-04    1.654084e-03    1.504892e-03    7.150400e-03
       112.5    1.053124e-04    1.586265e-03    1.443190e-03    7.463500e-03
       113.5    1.054350e-04    1.569312e-03    1.427767e-03    7.958900e-03
       114.5    1.254865e-04    1.543892e-03    1.404639e-03    7.615600e-03
       115.5    1.084844e-04    1.596458e-03    1.452464e-03    7.307200e-03
       116.5    1.096078e-04    1.594328e-03    1.450526e-03    7.308200e-03
       117.5    1.076979e-04    1.627580e-03    1.480778e-03    7.692900e-03
       118.5    1.088708e-04    1.691276e-03    1.538729e-03    8.213100e-03
       119.5    1.163006e-04    1.637841e-03    1.490114e-03    7.835700e-03
       120.5    1.167053e-04    1.575382e-03    1.433289e-03    7.114100e-03
       121.5    1.017466e-04    1.487996e-03    1.353785e-03    7.107300e-03
       122.5    1.104649e-04    1.478742e-03    1.345366e-03    6.650100e-03
       123.5    8.851905e-05    1.467137e-03    1.334807e-03    6.322800e-03
       124.5    1.073662e-04    1.412205e-03    1.284830e-03    5.552400e-03
       125.5    7.694714e-05    1.424073e-03    1.295627e-03    5.492900e-03
       126.5    6.891751e-05    1.441715e-03    1.311678e-03    6.004900e-03
       127.5    9.389809e-05    1.360010e-03    1.237343e-03    6.095400e-03
       128.5    9.597209e-05    1.242716e-03    1.130628e-03    6.072100e-03
       129.5    7.801972e-05    1.214932e-03    1.105350e-03    5.397400e-03
       130.5    8.070984e-05    1.279366e-03    1.163972e-03    5.691300e-03
       131.5    8.328382e-05    1.305839e-03    1.188058e-03    5.907200e-03
       132.5    7.728661e-05    1.280412e-03    1.164923e-03    5.646100e-03
       133.5    8.346242e-05    1.274496e-03    1.159541e-03    5.874100e-03
       134.5    7.970923e-05    1.170599e-03    1.065016e-03    5.457200e-03
       135.5    8.254857e-05    1.091568e-03    9.931129e-04    5.378600e-03
       136.5    7.440894e-05    1.005163e-03    9.145013e-04    5.264300e-03
       137.5    8.248219e-05    9.537828e-04    8.677553e-04    4.978600e-03
       138.5    6.904541e-05    9.230119e-04    8.397598e-04    4.657100e-03
       139.5    6.398959e-05    9.330873e-04    8.489264e-04    4.062500e-03
       140.5    6.064553e-05    9.931246e-04    9.035486e-04    4.157100e-03
       141.5    6.396512e-05    9.678405e-04    8.805450e-04    4.278600e-03
       142.5    7.113680e-05    1.053223e-03    9.582262e-04    4.571400e-03
       143.5    6.040473e-05    1.045839e-03    9.515081e-04    4.800000e-03
       144.5    8.210388e-05    1.048955e-03    9.543435e-04    4.511900e-03
       145.5    6.577951e-05    9.469939e-04    8.615787e-04    4.185700e-03
       146.5    5.887988e-05    8.298542e-04    7.550045e-04    4.500000e-03
       147.5    6.068864e-05    8.240252e-04    7.497013e-04    4.350500e-03
       148.5    7.282631e-05    8.600785e-04    7.825028e-04    3.823700e-03
       149.5    5.118088e-05    8.710817e-04    7.925135e-04    3.950000e-03
       150.5    5.791508e-05    8.535647e-04    7.765765e-04    4.371400e-03
       151.5    5.852536e-05    8.430530e-04    7.670129e-04    4.028600e-03
       152.5    6.708065e-05    8.266803e-04    7.521170e-04    4.000300e-03
       153.5    4.680794e-05    7.753349e-04    7.054028e-04    4.328800e-03
       154.5    7.057790e-05    7.923192e-04    7.208551e-04    4.071400e-03
       155.5    5.894003e-05    7.749877e-04    7.050868e-04    4.128600e-03
       156.5    6.377893e-05    7.436419e-04    6.765682e-04    3.612900e-03
       157.5    6.093260e-05    7.604761e-04    6.918841e-04    2.837400e-03
       158.5    2.916115e-05    6.881602e-04    6.260909e-04    2.942900e-03
       159.5    4.638214e-05    5.960269e-04    5.422676e-04    3.157100e-03
       160.5    5.488469e-05    5.427029e-04    4.937532e-04    2.721400e-03
       161.5    3.300135e-05    5.951925e-04    5.415084e-04    2.521400e-03
       162.5    3.954030e-05    5.893905e-04    5.362298e-04    3.264700e-03
       163.5    4.317789e-05    6.243615e-04    5.680465e-04    3.135700e-03
       164.5    6.067998e-05    5.966608e-04    5.428443e-04    3.028600e-03
       165.5    3.698424e-05    5.997517e-04    5.456564e-04    3.085700e-03
       166.5    4.701528e-05    6.051545e-04    5.505719e-04    2.821400e-03
       167.5    4.666848e-05    5.770045e-04    5.249609e-04    2.989400e-03
       168.5    3.703693e-05    5.331387e-04    4.850517e-04    2.917900e-03
       169.5    4.164653e-05    4.735456e-04    4.308336e-04    2.707100e-03
       170.5    3.841510e-05    5.310810e-04    4.831796e-04    2.378600e-03
       171.5    3.239142e-05    5.497605e-04    5.001742e-04    2.921400e-03
       172.5    4.378732e-05    5.706712e-04    5.191989e-04    2.650000e-03
       173.5    3.902270e-05    5.346018e-04    4.863828e-04    2.478600e-03
       174.5    3.448214e-05    4.970574e-04    4.522247e-04    3.035700e-03
       175.5    3.732576e-05    4.777045e-04    4.346174e-04    2.328600e-03
       176.5    4.731582e-05    4.972398e-04    4.523906e-04    2.007100e-03
       177.5    1.821358e-05    5.287734e-04    4.810801e-04    2.407100e-03
       178.5    4.231525e-05    5.096956e-04    4.637230e-04    2.342900e-03
       179.5    3.419043e-05    4.864355e-04    4.425609e-04    2.392900e-03
       180.5    3.047518e-05    4.735561e-04    4.308431e-04    2.485700e-03
       181.5    4.459185e-05    4.859881e-04    4.421539e-04    2.164300e-03
       182.5    3.278398e-05    4.783995e-04    4.352497e-04    2.142900e-03
       183.5    2.697649e-05    4.973260e-04    4.524691e-04    2.307100e-03
       184.5    3.447085e-05    4.933125e-04    4.488176e-04    2.181400e-03
       185.5    3.558765e-05    4.768001e-04    4.337946e-04    2.528900e-03
       186.5    3.355396e-05    4.650817e-04    4.231332e-04    2.194400e-03
       187.5    3.877153e-05    4.050386e-04    3.685057e-04    1.964500e-03
       188.5    2.441408e-05    4.208281e-04    3.828710e-04    2.042900e-03
       189.5    3.312215e-05    4.235230e-04    3.853229e-04    1.514300e-03
       190.5    2.714446e-05    3.883933e-04    3.533617e-04    1.514300e-03
       191.5    1.938559e-05    3.891343e-04    3.540359e-04    1.557100e-03
       192.5    2.522881e-05    3.331995e-04    3.031462e-04    1.778600e-03
       193.5    2.656223e-05    3.087012e-04    2.808576e-04    1.585700e-03
       194.5    2.270764e-05    3.455641e-04    3.143956e-04    1.828600e-03
       195.5    2.237535e-05    3.284254e-04    2.988027e-04    1.871400e-03
       196.5    2.826052e-05    3.511752e-04    3.195006e-04    1.621700e-03
       197.5    2.681464e-05    3.469114e-04    3.156213e-04    1.142900e-03
       198.5    1.953329e-05    3.549992e-04    3.229796e-04    1.632100e-03
       199.5    1.662174e-05    3.362432e-04    3.059153e-04    1.978600e-03
       200.5    2.613926e-05    3.109450e-04    2.828990e-04    1.464300e-03
       201.5    2.590866e-05    2.650621e-04    2.411545e-04    1.264300e-03
       202.5    1.661945e-05    2.328131e-04    2.118143e-04    1.042900e-03
       203.5    1.298119e-05    2.448467e-04    2.227625e-04    1.121400e-03
       204.5    2.314515e-05    2.419350e-04    2.201134e-04    1.071400e-03
       205.5    1.320448e-05    2.446538e-04    2.225870e-04    1.157100e-03
       206.5    1.589245e-05    2.375122e-04    2.160895e-04    1.028600e-03
       207.5    2.201395e-05    2.366568e-04    2.153113e-04    9.186600e-04
       208.5    9.015023e-06    2.094077e-04    1.905199e-04    1.157100e-03
       209.5    1.753430e-05    2.096410e-04    1.907322e-04    9.142900e-04
       210.5    1.333036e-05    2.124610e-04    1.932979e-04    1.221400e-03
       211.5    1.772264e-05    2.259576e-04    2.055771e-04    1.378600e-03
       212.5    2.657145e-05    2.317186e-04    2.108185e-04    1.421400e-03
       213.5    1.925114e-05    2.314069e-04    2.105349e-04    1.407100e-03
       214.5    1.874028e-05    2.309525e-04    2.101215e-04    1.371400e-03
       215.5    1.820124e-05    2.276669e-04    2.071323e-04    9.214300e-04
       216.5    1.851466e-05    2.095236e-04    1.906254e-04    5.714300e-04
       217.5    7.146880e-06    1.993981e-04    1.814131e-04    9.285700e-04
       218.5    1.341860e-05    1.885391e-04    1.715336e-04    1.571400e-03
       219.5    2.064835e-05    1.817818e-04    1.653857e-04    1.435700e-03
       220.5    2.441589e-05    2.114237e-04    1.923541e-04    1.242900e-03
       221.5    2.097723e-05    2.292719e-04    2.085924e-04    7.428600e-04
       222.5    1.423336e-05    2.310555e-04    2.102152e-04    8.428600e-04
       223.5    9.294728e-06    1.896577e-04    1.725513e-04    1.085700e-03
       224.5    1.469970e-05    1.661798e-04    1.511911e-04    1.054100e-03
       225.5    1.764974e-05    1.364153e-04    1.241112e-04    8.178000e-04
       226.5    1.342126e-05    1.165206e-04    1.060109e-04    5.071400e-04
       227.5    1.052033e-05    1.122909e-04    1.021627e-04    2.857100e-04
       228.5    2.932970e-06    1.247994e-04    1.135430e-04    7.357100e-04
       229.5    6.764979e-06    1.269972e-04    1.155426e-04    7.857100e-04
       230.5    1.375961e-05    1.212794e-04    1.103405e-04    8.111100e-04
       231.5    1.121363e-05    1.199973e-04    1.091740e-04    6.714300e-04
       232.5    1.390519e-05    1.205408e-04    1.096685e-04    5.357100e-04
       233.5    8.426481e-06    1.121130e-04    1.020009e-04    5.071400e-04
       234.5    7.091945e-06    1.149422e-04    1.045748e-04    6.928600e-04
       235.5    7.694586e-06    1.162081e-04    1.057266e-04    7.142900e-04
       236.5    1.363257e-05    1.175563e-04    1.069532e-04    6.500000e-04
       237.5    8.524380e-06    1.235389e-04    1.123962e-04    5.000000e-04
       238.5    7.162204e-06    1.364222e-04    1.241174e-04    6.357100e-04
       239.5    8.798057e-06    1.287542e-04    1.171411e-04    8.142900e-04
       240.5    1.164329e-05    1.206737e-04    1.097894e-04    6.714300e-04
       241.5    1.401547e-05    1.016300e-04    9.246341e-05    6.285700e-04
       242.5    7.542954e-06    9.568455e-05    8.705418e-05    5.714300e-04
       243.5    1.103673e-05    9.538791e-05    8.678429e-05    7.214500e-04
       244.5    7.182357e-06    1.036613e-04    9.431144e-05    9.571400e-04
       245.5    1.506106e-05    1.208289e-04    1.099306e-04    6.142900e-04
       246.5    1.089038e-05    1.368828e-04    1.245365e-04    4.857100e-04
       247.5    8.831376e-06    1.152206e-04    1.048282e-04    3.357100e-04
       248.5    2.774841e-06    7.450247e-05    6.778263e-05    5.785700e-04
       249.5    1.058365e-05    3.161300e-05    2.876163e-05    0.000000e+00
