# Source spectra table — Concrete_45cm_Steel_33cm
# tracknet10    : TrackNet10 normalised (sum=1)
# layer2_input  : norm output of Concrete_45cm (sum=1)
# raw_layer1    : raw CNN flux out of Concrete_45cm (n/cm2/src/MeV)
# unshielded    : no-shielding PHITS flux (n/cm2/src/MeV)
#
  energy_MeV      tracknet10    layer2_input      raw_layer1      unshielded
         0.5    5.226433e-01    6.305187e-01    2.462974e+00    2.534200e+01
         1.5    2.151194e-01    4.690544e-02    1.832251e-01    1.069400e+01
         2.5    9.921382e-02    5.015719e-02    1.959273e-01    4.938900e+00
         3.5    4.663395e-02    1.702022e-02    6.648551e-02    2.407200e+00
         4.5    2.465916e-02    1.661355e-02    6.489694e-02    1.309200e+00
         5.5    1.412320e-02    1.532786e-02    5.987471e-02    7.902600e-01
         6.5    9.184430e-03    1.235005e-02    4.824258e-02    5.249500e-01
         7.5    6.367362e-03    7.200629e-03    2.812758e-02    3.817900e-01
         8.5    4.908292e-03    6.179512e-03    2.413882e-02    2.932700e-01
         9.5    3.793749e-03    4.553724e-03    1.778806e-02    2.310700e-01
        10.5    3.027744e-03    3.770703e-03    1.472937e-02    1.876100e-01
        11.5    2.557925e-03    2.909792e-03    1.136642e-02    1.589800e-01
        12.5    2.182114e-03    2.853683e-03    1.114725e-02    1.386700e-01
        13.5    1.910075e-03    2.724328e-03    1.064195e-02    1.184400e-01
        14.5    1.594949e-03    2.539881e-03    9.921451e-03    1.017500e-01
        15.5    1.463634e-03    2.290884e-03    8.948802e-03    9.201800e-02
        16.5    1.277654e-03    2.199557e-03    8.592057e-03    8.427700e-02
        17.5    1.240221e-03    1.955923e-03    7.640358e-03    7.713400e-02
        18.5    1.072762e-03    1.859452e-03    7.263514e-03    7.014300e-02
        19.5    9.875945e-04    1.837262e-03    7.176836e-03    6.351300e-02
        20.5    9.016737e-04    2.549571e-03    9.959301e-03    5.959200e-02
        21.5    8.261397e-04    2.483706e-03    9.702017e-03    5.305900e-02
        22.5    7.724593e-04    2.479472e-03    9.685477e-03    5.166800e-02
        23.5    7.579949e-04    2.421977e-03    9.460889e-03    5.014100e-02
        24.5    7.315648e-04    2.364549e-03    9.236559e-03    4.935500e-02
        25.5    7.096775e-04    2.297468e-03    8.974522e-03    4.622400e-02
        26.5    6.372129e-04    2.273509e-03    8.880932e-03    4.255100e-02
        27.5    6.047094e-04    2.220254e-03    8.672904e-03    4.109600e-02
        28.5    6.301635e-04    2.204882e-03    8.612854e-03    4.001400e-02
        29.5    5.644698e-04    2.225125e-03    8.691932e-03    3.742300e-02
        30.5    5.530623e-04    2.234011e-03    8.726643e-03    3.809500e-02
        31.5    5.661317e-04    2.251737e-03    8.795884e-03    3.628000e-02
        32.5    5.161478e-04    2.187261e-03    8.544022e-03    3.562200e-02
        33.5    5.230602e-04    2.112201e-03    8.250819e-03    3.453500e-02
        34.5    5.013094e-04    2.073397e-03    8.099239e-03    3.467300e-02
        35.5    5.015938e-04    2.090362e-03    8.165510e-03    3.309400e-02
        36.5    4.757248e-04    2.109438e-03    8.240028e-03    3.080500e-02
        37.5    4.484003e-04    2.066946e-03    8.074041e-03    2.976800e-02
        38.5    4.466441e-04    2.075301e-03    8.106677e-03    2.936400e-02
        39.5    4.354677e-04    2.039672e-03    7.967502e-03    2.931900e-02
        40.5    4.062724e-04    1.935471e-03    7.560464e-03    2.834600e-02
        41.5    4.238118e-04    1.933462e-03    7.552615e-03    2.895100e-02
        42.5    4.265420e-04    1.898904e-03    7.417624e-03    2.879600e-02
        43.5    4.064187e-04    1.850616e-03    7.229000e-03    2.822800e-02
        44.5    4.096045e-04    1.798854e-03    7.026802e-03    2.636400e-02
        45.5    3.967504e-04    1.734146e-03    6.774037e-03    2.547000e-02
        46.5    3.533838e-04    1.747672e-03    6.826871e-03    2.560100e-02
        47.5    3.746756e-04    1.720873e-03    6.722188e-03    2.539200e-02
        48.5    3.779122e-04    1.748919e-03    6.831745e-03    2.524400e-02
        49.5    3.701634e-04    1.676100e-03    6.547293e-03    2.316100e-02
        50.5    3.299704e-04    1.743685e-03    6.811298e-03    2.501200e-02
        51.5    3.852835e-04    1.689588e-03    6.599981e-03    2.532200e-02
        52.5    3.863087e-04    1.705427e-03    6.661850e-03    2.560700e-02
        53.5    3.538326e-04    1.715421e-03    6.700892e-03    2.538500e-02
        54.5    3.705422e-04    1.772321e-03    6.923158e-03    2.520400e-02
        55.5    3.529589e-04    1.719528e-03    6.716935e-03    2.432500e-02
        56.5    3.607111e-04    1.715086e-03    6.699582e-03    2.241300e-02
        57.5    3.171100e-04    1.598687e-03    6.244898e-03    2.305500e-02
        58.5    3.525931e-04    1.582439e-03    6.181429e-03    2.242700e-02
        59.5    2.989628e-04    1.476501e-03    5.767608e-03    2.069800e-02
        60.5    3.120084e-04    1.462587e-03    5.713253e-03    2.151000e-02
        61.5    3.137998e-04    1.431854e-03    5.593202e-03    2.080800e-02
        62.5    3.097197e-04    1.463371e-03    5.716315e-03    2.049700e-02
        63.5    3.014370e-04    1.451293e-03    5.669137e-03    1.967200e-02
        64.5    2.725034e-04    1.509657e-03    5.897123e-03    1.902400e-02
        65.5    2.848456e-04    1.438797e-03    5.620325e-03    1.901300e-02
        66.5    2.719625e-04    1.449920e-03    5.663774e-03    1.837500e-02
        67.5    2.713756e-04    1.500199e-03    5.860178e-03    1.786500e-02
        68.5    2.541220e-04    1.507908e-03    5.890290e-03    1.852300e-02
        69.5    2.710849e-04    1.458443e-03    5.697067e-03    1.781400e-02
        70.5    2.726733e-04    1.382705e-03    5.401213e-03    1.776200e-02
        71.5    2.370334e-04    1.428584e-03    5.580430e-03    1.827500e-02
        72.5    2.875185e-04    1.328750e-03    5.190450e-03    1.700300e-02
        73.5    2.247268e-04    1.135584e-03    4.435893e-03    1.610000e-02
        74.5    2.392355e-04    1.042810e-03    4.073494e-03    1.562800e-02
        75.5    2.296926e-04    9.954376e-04    3.888444e-03    1.523800e-02
        76.5    2.262787e-04    1.013464e-03    3.958861e-03    1.546400e-02
        77.5    2.251686e-04    1.037932e-03    4.054441e-03    1.661600e-02
        78.5    2.538528e-04    1.083176e-03    4.231174e-03    1.619800e-02
        79.5    2.318166e-04    1.111886e-03    4.343322e-03    1.511900e-02
        80.5    2.256829e-04    1.107339e-03    4.325561e-03    1.400500e-02
        81.5    1.973852e-04    1.126217e-03    4.399302e-03    1.344400e-02
        82.5    2.098483e-04    1.060469e-03    4.142474e-03    1.405200e-02
        83.5    1.960335e-04    1.061450e-03    4.146305e-03    1.341700e-02
        84.5    1.984748e-04    1.060357e-03    4.142038e-03    1.272500e-02
        85.5    1.876114e-04    1.014872e-03    3.964359e-03    1.343400e-02
        86.5    1.964082e-04    1.023493e-03    3.998034e-03    1.486600e-02
        87.5    2.372048e-04    1.069719e-03    4.178608e-03    1.398900e-02
        88.5    1.894625e-04    1.059934e-03    4.140383e-03    1.214900e-02
        89.5    1.786759e-04    9.549676e-04    3.730358e-03    1.174600e-02
        90.5    1.691569e-04    9.204219e-04    3.595413e-03    1.191400e-02
        91.5    1.805618e-04    9.022455e-04    3.524411e-03    1.179000e-02
        92.5    1.675213e-04    8.733118e-04    3.411388e-03    1.181300e-02
        93.5    1.840867e-04    9.288358e-04    3.628280e-03    1.223700e-02
        94.5    1.741728e-04    1.032978e-03    4.035087e-03    1.176100e-02
        95.5    1.724021e-04    1.127422e-03    4.404010e-03    1.157400e-02
        96.5    1.713868e-04    1.069750e-03    4.178727e-03    1.236100e-02
        97.5    1.875951e-04    9.887690e-04    3.862395e-03    1.149700e-02
        98.5    1.747493e-04    8.476982e-04    3.311335e-03    1.050200e-02
        99.5    1.383076e-04    8.146145e-04    3.182101e-03    1.046300e-02
       100.5    1.637510e-04    8.096034e-04    3.162527e-03    9.260900e-03
       101.5    1.283254e-04    8.067107e-04    3.151227e-03    8.031600e-03
       102.5    1.158613e-04    8.042504e-04    3.141616e-03    9.247200e-03
       103.5    1.299364e-04    7.819269e-04    3.054414e-03    9.489200e-03
       104.5    1.549606e-04    8.009194e-04    3.128604e-03    8.798700e-03
       105.5    1.179679e-04    8.185936e-04    3.197645e-03    8.199300e-03
       106.5    1.227874e-04    7.830729e-04    3.058891e-03    9.335400e-03
       107.5    1.343858e-04    7.313734e-04    2.856939e-03    9.278100e-03
       108.5    1.320955e-04    7.584638e-04    2.962762e-03    9.128600e-03
       109.5    1.486694e-04    7.392027e-04    2.887522e-03    8.547500e-03
       110.5    1.172974e-04    7.042292e-04    2.750907e-03    7.871600e-03
       111.5    1.090872e-04    6.723321e-04    2.626308e-03    7.150400e-03
       112.5    1.053124e-04    6.502372e-04    2.540000e-03    7.463500e-03
       113.5    1.054350e-04    6.362776e-04    2.485470e-03    7.958900e-03
       114.5    1.254865e-04    6.177422e-04    2.413066e-03    7.615600e-03
       115.5    1.084844e-04    6.263407e-04    2.446654e-03    7.307200e-03
       116.5    1.096078e-04    6.246075e-04    2.439883e-03    7.308200e-03
       117.5    1.076979e-04    6.470580e-04    2.527581e-03    7.692900e-03
       118.5    1.088708e-04    6.701153e-04    2.617649e-03    8.213100e-03
       119.5    1.163006e-04    6.543323e-04    2.555996e-03    7.835700e-03
       120.5    1.167053e-04    6.362357e-04    2.485306e-03    7.114100e-03
       121.5    1.017466e-04    6.010825e-04    2.347988e-03    7.107300e-03
       122.5    1.104649e-04    5.885710e-04    2.299115e-03    6.650100e-03
       123.5    8.851905e-05    5.681048e-04    2.219169e-03    6.322800e-03
       124.5    1.073662e-04    5.454644e-04    2.130729e-03    5.552400e-03
       125.5    7.694714e-05    5.543153e-04    2.165303e-03    5.492900e-03
       126.5    6.891751e-05    5.755395e-04    2.248211e-03    6.004900e-03
       127.5    9.389809e-05    5.468688e-04    2.136215e-03    6.095400e-03
       128.5    9.597209e-05    5.108938e-04    1.995687e-03    6.072100e-03
       129.5    7.801972e-05    5.029350e-04    1.964598e-03    5.397400e-03
       130.5    8.070984e-05    5.262152e-04    2.055536e-03    5.691300e-03
       131.5    8.328382e-05    5.269482e-04    2.058400e-03    5.907200e-03
       132.5    7.728661e-05    5.168996e-04    2.019147e-03    5.646100e-03
       133.5    8.346242e-05    5.127179e-04    2.002813e-03    5.874100e-03
       134.5    7.970923e-05    4.714822e-04    1.841735e-03    5.457200e-03
       135.5    8.254857e-05    4.388657e-04    1.714326e-03    5.378600e-03
       136.5    7.440894e-05    4.009752e-04    1.566316e-03    5.264300e-03
       137.5    8.248219e-05    3.761242e-04    1.469241e-03    4.978600e-03
       138.5    6.904541e-05    3.603164e-04    1.407492e-03    4.657100e-03
       139.5    6.398959e-05    3.605476e-04    1.408395e-03    4.062500e-03
       140.5    6.064553e-05    3.839982e-04    1.499999e-03    4.157100e-03
       141.5    6.396512e-05    3.743789e-04    1.462424e-03    4.278600e-03
       142.5    7.113680e-05    4.118445e-04    1.608774e-03    4.571400e-03
       143.5    6.040473e-05    4.113636e-04    1.606896e-03    4.800000e-03
       144.5    8.210388e-05    4.247089e-04    1.659026e-03    4.511900e-03
       145.5    6.577951e-05    3.833133e-04    1.497324e-03    4.185700e-03
       146.5    5.887988e-05    3.339909e-04    1.304657e-03    4.500000e-03
       147.5    6.068864e-05    3.295266e-04    1.287219e-03    4.350500e-03
       148.5    7.282631e-05    3.444484e-04    1.345507e-03    3.823700e-03
       149.5    5.118088e-05    3.501413e-04    1.367745e-03    3.950000e-03
       150.5    5.791508e-05    3.480196e-04    1.359457e-03    4.371400e-03
       151.5    5.852536e-05    3.415134e-04    1.334042e-03    4.028600e-03
       152.5    6.708065e-05    3.389061e-04    1.323858e-03    4.000300e-03
       153.5    4.680794e-05    3.167932e-04    1.237479e-03    4.328800e-03
       154.5    7.057790e-05    3.243355e-04    1.266941e-03    4.071400e-03
       155.5    5.894003e-05    3.179480e-04    1.241990e-03    4.128600e-03
       156.5    6.377893e-05    2.969175e-04    1.159839e-03    3.612900e-03
       157.5    6.093260e-05    2.967155e-04    1.159050e-03    2.837400e-03
       158.5    2.916115e-05    2.650809e-04    1.035477e-03    2.942900e-03
       159.5    4.638214e-05    2.300260e-04    8.985428e-04    3.157100e-03
       160.5    5.488469e-05    2.157442e-04    8.427543e-04    2.721400e-03
       161.5    3.300135e-05    2.388471e-04    9.330005e-04    2.521400e-03
       162.5    3.954030e-05    2.400481e-04    9.376916e-04    3.264700e-03
       163.5    4.317789e-05    2.553475e-04    9.974556e-04    3.135700e-03
       164.5    6.067998e-05    2.450384e-04    9.571852e-04    3.028600e-03
       165.5    3.698424e-05    2.405985e-04    9.398417e-04    3.085700e-03
       166.5    4.701528e-05    2.393895e-04    9.351192e-04    2.821400e-03
       167.5    4.666848e-05    2.257941e-04    8.820119e-04    2.989400e-03
       168.5    3.703693e-05    2.070189e-04    8.086711e-04    2.917900e-03
       169.5    4.164653e-05    1.864088e-04    7.281624e-04    2.707100e-03
       170.5    3.841510e-05    2.124813e-04    8.300084e-04    2.378600e-03
       171.5    3.239142e-05    2.225394e-04    8.692982e-04    2.921400e-03
       172.5    4.378732e-05    2.335707e-04    9.123891e-04    2.650000e-03
       173.5    3.902270e-05    2.220376e-04    8.673380e-04    2.478600e-03
       174.5    3.448214e-05    2.074248e-04    8.102566e-04    3.035700e-03
       175.5    3.732576e-05    1.977335e-04    7.723995e-04    2.328600e-03
       176.5    4.731582e-05    2.008767e-04    7.846777e-04    2.007100e-03
       177.5    1.821358e-05    2.085103e-04    8.144969e-04    2.407100e-03
       178.5    4.231525e-05    1.992280e-04    7.782375e-04    2.342900e-03
       179.5    3.419043e-05    1.891002e-04    7.386757e-04    2.392900e-03
       180.5    3.047518e-05    1.846395e-04    7.212510e-04    2.485700e-03
       181.5    4.459185e-05    1.960258e-04    7.657288e-04    2.164300e-03
       182.5    3.278398e-05    1.960240e-04    7.657221e-04    2.142900e-03
       183.5    2.697649e-05    2.053036e-04    8.019705e-04    2.307100e-03
       184.5    3.447085e-05    2.049869e-04    8.007335e-04    2.181400e-03
       185.5    3.558765e-05    1.950965e-04    7.620988e-04    2.528900e-03
       186.5    3.355396e-05    1.901708e-04    7.428578e-04    2.194400e-03
       187.5    3.877153e-05    1.640488e-04    6.408182e-04    1.964500e-03
       188.5    2.441408e-05    1.720794e-04    6.721878e-04    2.042900e-03
       189.5    3.312215e-05    1.710603e-04    6.682069e-04    1.514300e-03
       190.5    2.714446e-05    1.560691e-04    6.096475e-04    1.514300e-03
       191.5    1.938559e-05    1.546421e-04    6.040733e-04    1.557100e-03
       192.5    2.522881e-05    1.320437e-04    5.157978e-04    1.778600e-03
       193.5    2.656223e-05    1.211395e-04    4.732033e-04    1.585700e-03
       194.5    2.270764e-05    1.344284e-04    5.251131e-04    1.828600e-03
       195.5    2.237535e-05    1.275118e-04    4.980950e-04    1.871400e-03
       196.5    2.826052e-05    1.380387e-04    5.392159e-04    1.621700e-03
       197.5    2.681464e-05    1.418933e-04    5.542730e-04    1.142900e-03
       198.5    1.953329e-05    1.470151e-04    5.742800e-04    1.632100e-03
       199.5    1.662174e-05    1.413612e-04    5.521944e-04    1.978600e-03
       200.5    2.613926e-05    1.324162e-04    5.172529e-04    1.464300e-03
       201.5    2.590866e-05    1.101168e-04    4.301454e-04    1.264300e-03
       202.5    1.661945e-05    9.412705e-05    3.676853e-04    1.042900e-03
       203.5    1.298119e-05    9.718174e-05    3.796177e-04    1.121400e-03
       204.5    2.314515e-05    9.539427e-05    3.726354e-04    1.071400e-03
       205.5    1.320448e-05    9.642541e-05    3.766633e-04    1.157100e-03
       206.5    1.589245e-05    9.288114e-05    3.628184e-04    1.028600e-03
       207.5    2.201395e-05    9.369213e-05    3.659864e-04    9.186600e-04
       208.5    9.015023e-06    8.365219e-05    3.267677e-04    1.157100e-03
       209.5    1.753430e-05    8.432555e-05    3.293980e-04    9.142900e-04
       210.5    1.333036e-05    8.728210e-05    3.409471e-04    1.221400e-03
       211.5    1.772264e-05    9.438577e-05    3.686959e-04    1.378600e-03
       212.5    2.657145e-05    9.698646e-05    3.788549e-04    1.421400e-03
       213.5    1.925114e-05    9.763585e-05    3.813916e-04    1.407100e-03
       214.5    1.874028e-05    9.880897e-05    3.859741e-04    1.371400e-03
       215.5    1.820124e-05    9.626251e-05    3.760270e-04    9.214300e-04
       216.5    1.851466e-05    8.750414e-05    3.418145e-04    5.714300e-04
       217.5    7.146880e-06    8.126349e-05    3.174368e-04    9.285700e-04
       218.5    1.341860e-05    7.480466e-05    2.922069e-04    1.571400e-03
       219.5    2.064835e-05    7.181925e-05    2.805451e-04    1.435700e-03
       220.5    2.441589e-05    8.527972e-05    3.331253e-04    1.242900e-03
       221.5    2.097723e-05    9.475624e-05    3.701431e-04    7.428600e-04
       222.5    1.423336e-05    9.970215e-05    3.894631e-04    8.428600e-04
       223.5    9.294728e-06    8.477802e-05    3.311655e-04    1.085700e-03
       224.5    1.469970e-05    7.502756e-05    2.930776e-04    1.054100e-03
       225.5    1.764974e-05    6.190500e-05    2.418174e-04    8.178000e-04
       226.5    1.342126e-05    5.132767e-05    2.004995e-04    5.071400e-04
       227.5    1.052033e-05    4.698513e-05    1.835364e-04    2.857100e-04
       228.5    2.932970e-06    4.906153e-05    1.916474e-04    7.357100e-04
       229.5    6.764979e-06    4.784272e-05    1.868864e-04    7.857100e-04
       230.5    1.375961e-05    4.504257e-05    1.759483e-04    8.111100e-04
       231.5    1.121363e-05    4.556705e-05    1.779970e-04    6.714300e-04
       232.5    1.390519e-05    4.699194e-05    1.835630e-04    5.357100e-04
       233.5    8.426481e-06    4.514843e-05    1.763618e-04    5.071400e-04
       234.5    7.091945e-06    4.768539e-05    1.862718e-04    6.928600e-04
       235.5    7.694586e-06    4.835285e-05    1.888791e-04    7.142900e-04
       236.5    1.363257e-05    4.779536e-05    1.867014e-04    6.500000e-04
       237.5    8.524380e-06    4.890986e-05    1.910549e-04    5.000000e-04
       238.5    7.162204e-06    5.445871e-05    2.127302e-04    6.357100e-04
       239.5    8.798057e-06    5.212526e-05    2.036151e-04    8.142900e-04
       240.5    1.164329e-05    5.111284e-05    1.996604e-04    6.714300e-04
       241.5    1.401547e-05    4.337305e-05    1.694267e-04    6.285700e-04
       242.5    7.542954e-06    4.129484e-05    1.613086e-04    5.714300e-04
       243.5    1.103673e-05    4.045181e-05    1.580155e-04    7.214500e-04
       244.5    7.182357e-06    4.397494e-05    1.717778e-04    9.571400e-04
       245.5    1.506106e-05    5.104565e-05    1.993979e-04    6.142900e-04
       246.5    1.089038e-05    5.961361e-05    2.328666e-04    4.857100e-04
       247.5    8.831376e-06    5.357962e-05    2.092963e-04    3.357100e-04
       248.5    2.774841e-06    3.748305e-05    1.464188e-04    5.785700e-04
       249.5    1.058365e-05    1.647397e-05    6.435173e-05    0.000000e+00
