# Source spectra table — Steel_35cm_Concrete_94cm
# tracknet10    : TrackNet10 normalised (sum=1)
# layer2_input  : norm output of Steel_35cm (sum=1)
# raw_layer1    : raw CNN flux out of Steel_35cm (n/cm2/src/MeV)
# unshielded    : no-shielding PHITS flux (n/cm2/src/MeV)
#
  energy_MeV      tracknet10    layer2_input      raw_layer1      unshielded
         0.5    5.226433e-01    9.347139e-01    1.725695e+01    2.534200e+01
         1.5    2.151194e-01    3.950278e-02    7.293113e-01    1.069400e+01
         2.5    9.921382e-02    4.882250e-03    9.013747e-02    4.938900e+00
         3.5    4.663395e-02    1.823644e-03    3.366862e-02    2.407200e+00
         4.5    2.465916e-02    9.920265e-04    1.831507e-02    1.309200e+00
         5.5    1.412320e-02    6.812742e-04    1.257788e-02    7.902600e-01
         6.5    9.184430e-03    5.270349e-04    9.730265e-03    5.249500e-01
         7.5    6.367362e-03    4.344643e-04    8.021202e-03    3.817900e-01
         8.5    4.908292e-03    3.570006e-04    6.591045e-03    2.932700e-01
         9.5    3.793749e-03    3.225180e-04    5.954417e-03    2.310700e-01
        10.5    3.027744e-03    2.903230e-04    5.360025e-03    1.876100e-01
        11.5    2.557925e-03    2.729033e-04    5.038418e-03    1.589800e-01
        12.5    2.182114e-03    2.633594e-04    4.862215e-03    1.386700e-01
        13.5    1.910075e-03    2.577870e-04    4.759335e-03    1.184400e-01
        14.5    1.594949e-03    2.505238e-04    4.625240e-03    1.017500e-01
        15.5    1.463634e-03    2.402948e-04    4.436390e-03    9.201800e-02
        16.5    1.277654e-03    2.257291e-04    4.167474e-03    8.427700e-02
        17.5    1.240221e-03    2.132099e-04    3.936340e-03    7.713400e-02
        18.5    1.072762e-03    2.052815e-04    3.789964e-03    7.014300e-02
        19.5    9.875945e-04    1.953733e-04    3.607037e-03    6.351300e-02
        20.5    9.016737e-04    2.112808e-04    3.900725e-03    5.959200e-02
        21.5    8.261397e-04    2.047916e-04    3.780920e-03    5.305900e-02
        22.5    7.724593e-04    2.022442e-04    3.733890e-03    5.166800e-02
        23.5    7.579949e-04    1.940466e-04    3.582543e-03    5.014100e-02
        24.5    7.315648e-04    1.896178e-04    3.500778e-03    4.935500e-02
        25.5    7.096775e-04    1.828407e-04    3.375657e-03    4.622400e-02
        26.5    6.372129e-04    1.808855e-04    3.339559e-03    4.255100e-02
        27.5    6.047094e-04    1.727832e-04    3.189972e-03    4.109600e-02
        28.5    6.301635e-04    1.711688e-04    3.160166e-03    4.001400e-02
        29.5    5.644698e-04    1.719683e-04    3.174926e-03    3.742300e-02
        30.5    5.530623e-04    1.715877e-04    3.167899e-03    3.809500e-02
        31.5    5.661317e-04    1.715940e-04    3.168017e-03    3.628000e-02
        32.5    5.161478e-04    1.590888e-04    2.937142e-03    3.562200e-02
        33.5    5.230602e-04    1.540980e-04    2.845000e-03    3.453500e-02
        34.5    5.013094e-04    1.523032e-04    2.811865e-03    3.467300e-02
        35.5    5.015938e-04    1.535936e-04    2.835688e-03    3.309400e-02
        36.5    4.757248e-04    1.524984e-04    2.815467e-03    3.080500e-02
        37.5    4.484003e-04    1.494760e-04    2.759668e-03    2.976800e-02
        38.5    4.466441e-04    1.496675e-04    2.763203e-03    2.936400e-02
        39.5    4.354677e-04    1.463495e-04    2.701946e-03    2.931900e-02
        40.5    4.062724e-04    1.377020e-04    2.542293e-03    2.834600e-02
        41.5    4.238118e-04    1.368210e-04    2.526027e-03    2.895100e-02
        42.5    4.265420e-04    1.363240e-04    2.516852e-03    2.879600e-02
        43.5    4.064187e-04    1.348532e-04    2.489698e-03    2.822800e-02
        44.5    4.096045e-04    1.334349e-04    2.463512e-03    2.636400e-02
        45.5    3.967504e-04    1.301860e-04    2.403531e-03    2.547000e-02
        46.5    3.533838e-04    1.308969e-04    2.416656e-03    2.560100e-02
        47.5    3.746756e-04    1.307834e-04    2.414561e-03    2.539200e-02
        48.5    3.779122e-04    1.269098e-04    2.343043e-03    2.524400e-02
        49.5    3.701634e-04    1.179538e-04    2.177696e-03    2.316100e-02
        50.5    3.299704e-04    1.202590e-04    2.220256e-03    2.501200e-02
        51.5    3.852835e-04    1.186604e-04    2.190742e-03    2.532200e-02
        52.5    3.863087e-04    1.217844e-04    2.248418e-03    2.560700e-02
        53.5    3.538326e-04    1.274392e-04    2.352819e-03    2.538500e-02
        54.5    3.705422e-04    1.372582e-04    2.534100e-03    2.520400e-02
        55.5    3.529589e-04    1.380890e-04    2.549438e-03    2.432500e-02
        56.5    3.607111e-04    1.383689e-04    2.554605e-03    2.241300e-02
        57.5    3.171100e-04    1.282672e-04    2.368105e-03    2.305500e-02
        58.5    3.525931e-04    1.243249e-04    2.295321e-03    2.242700e-02
        59.5    2.989628e-04    1.136277e-04    2.097826e-03    2.069800e-02
        60.5    3.120084e-04    1.089253e-04    2.011010e-03    2.151000e-02
        61.5    3.137998e-04    1.049799e-04    1.938168e-03    2.080800e-02
        62.5    3.097197e-04    1.086318e-04    2.005590e-03    2.049700e-02
        63.5    3.014370e-04    1.091439e-04    2.015046e-03    1.967200e-02
        64.5    2.725034e-04    1.159879e-04    2.141400e-03    1.902400e-02
        65.5    2.848456e-04    1.095492e-04    2.022529e-03    1.901300e-02
        66.5    2.719625e-04    1.119660e-04    2.067147e-03    1.837500e-02
        67.5    2.713756e-04    1.148822e-04    2.120987e-03    1.786500e-02
        68.5    2.541220e-04    1.125477e-04    2.077888e-03    1.852300e-02
        69.5    2.710849e-04    1.079974e-04    1.993879e-03    1.781400e-02
        70.5    2.726733e-04    1.034674e-04    1.910243e-03    1.776200e-02
        71.5    2.370334e-04    1.100358e-04    2.031511e-03    1.827500e-02
        72.5    2.875185e-04    1.054570e-04    1.946977e-03    1.700300e-02
        73.5    2.247268e-04    9.606925e-05    1.773657e-03    1.610000e-02
        74.5    2.392355e-04    9.283931e-05    1.714025e-03    1.562800e-02
        75.5    2.296926e-04    8.971283e-05    1.656303e-03    1.523800e-02
        76.5    2.262787e-04    9.125967e-05    1.684862e-03    1.546400e-02
        77.5    2.251686e-04    9.106909e-05    1.681343e-03    1.661600e-02
        78.5    2.538528e-04    9.187577e-05    1.696236e-03    1.619800e-02
        79.5    2.318166e-04    9.335181e-05    1.723487e-03    1.511900e-02
        80.5    2.256829e-04    9.483282e-05    1.750830e-03    1.400500e-02
        81.5    1.973852e-04    9.821081e-05    1.813196e-03    1.344400e-02
        82.5    2.098483e-04    9.460569e-05    1.746637e-03    1.405200e-02
        83.5    1.960335e-04    9.623288e-05    1.776678e-03    1.341700e-02
        84.5    1.984748e-04    9.511479e-05    1.756036e-03    1.272500e-02
        85.5    1.876114e-04    8.718131e-05    1.609566e-03    1.343400e-02
        86.5    1.964082e-04    8.477222e-05    1.565089e-03    1.486600e-02
        87.5    2.372048e-04    8.532184e-05    1.575236e-03    1.398900e-02
        88.5    1.894625e-04    8.290003e-05    1.530524e-03    1.214900e-02
        89.5    1.786759e-04    7.632470e-05    1.409128e-03    1.174600e-02
        90.5    1.691569e-04    7.302593e-05    1.348225e-03    1.191400e-02
        91.5    1.805618e-04    7.385582e-05    1.363547e-03    1.179000e-02
        92.5    1.675213e-04    7.286191e-05    1.345197e-03    1.181300e-02
        93.5    1.840867e-04    7.668707e-05    1.415818e-03    1.223700e-02
        94.5    1.741728e-04    8.341993e-05    1.540122e-03    1.176100e-02
        95.5    1.724021e-04    9.106529e-05    1.681273e-03    1.157400e-02
        96.5    1.713868e-04    8.742939e-05    1.614146e-03    1.236100e-02
        97.5    1.875951e-04    8.280342e-05    1.528740e-03    1.149700e-02
        98.5    1.747493e-04    7.285920e-05    1.345147e-03    1.050200e-02
        99.5    1.383076e-04    7.194802e-05    1.328325e-03    1.046300e-02
       100.5    1.637510e-04    7.219745e-05    1.332930e-03    9.260900e-03
       101.5    1.283254e-04    7.114364e-05    1.313474e-03    8.031600e-03
       102.5    1.158613e-04    6.909391e-05    1.275631e-03    9.247200e-03
       103.5    1.299364e-04    6.396030e-05    1.180853e-03    9.489200e-03
       104.5    1.549606e-04    6.493822e-05    1.198908e-03    8.798700e-03
       105.5    1.179679e-04    6.721503e-05    1.240943e-03    8.199300e-03
       106.5    1.227874e-04    6.520371e-05    1.203809e-03    9.335400e-03
       107.5    1.343858e-04    6.257275e-05    1.155236e-03    9.278100e-03
       108.5    1.320955e-04    6.535810e-05    1.206660e-03    9.128600e-03
       109.5    1.486694e-04    6.413470e-05    1.184073e-03    8.547500e-03
       110.5    1.172974e-04    5.941885e-05    1.097008e-03    7.871600e-03
       111.5    1.090872e-04    5.480744e-05    1.011870e-03    7.150400e-03
       112.5    1.053124e-04    5.397438e-05    9.964901e-04    7.463500e-03
       113.5    1.054350e-04    5.408115e-05    9.984614e-04    7.958900e-03
       114.5    1.254865e-04    5.292907e-05    9.771914e-04    7.615600e-03
       115.5    1.084844e-04    5.353292e-05    9.883398e-04    7.307200e-03
       116.5    1.096078e-04    5.485489e-05    1.012746e-03    7.308200e-03
       117.5    1.076979e-04    5.707079e-05    1.053657e-03    7.692900e-03
       118.5    1.088708e-04    5.837876e-05    1.077805e-03    8.213100e-03
       119.5    1.163006e-04    5.513251e-05    1.017872e-03    7.835700e-03
       120.5    1.167053e-04    5.259065e-05    9.709433e-04    7.114100e-03
       121.5    1.017466e-04    4.724635e-05    8.722754e-04    7.107300e-03
       122.5    1.104649e-04    4.604098e-05    8.500214e-04    6.650100e-03
       123.5    8.851905e-05    4.524250e-05    8.352797e-04    6.322800e-03
       124.5    1.073662e-04    4.510264e-05    8.326975e-04    5.552400e-03
       125.5    7.694714e-05    4.711415e-05    8.698347e-04    5.492900e-03
       126.5    6.891751e-05    4.935717e-05    9.112459e-04    6.004900e-03
       127.5    9.389809e-05    4.722872e-05    8.719498e-04    6.095400e-03
       128.5    9.597209e-05    4.266437e-05    7.876816e-04    6.072100e-03
       129.5    7.801972e-05    4.111793e-05    7.591307e-04    5.397400e-03
       130.5    8.070984e-05    4.228625e-05    7.807005e-04    5.691300e-03
       131.5    8.328382e-05    4.141606e-05    7.646350e-04    5.907200e-03
       132.5    7.728661e-05    4.078001e-05    7.528920e-04    5.646100e-03
       133.5    8.346242e-05    4.116771e-05    7.600498e-04    5.874100e-03
       134.5    7.970923e-05    3.831448e-05    7.073727e-04    5.457200e-03
       135.5    8.254857e-05    3.632709e-05    6.706810e-04    5.378600e-03
       136.5    7.440894e-05    3.442524e-05    6.355685e-04    5.264300e-03
       137.5    8.248219e-05    3.327332e-05    6.143013e-04    4.978600e-03
       138.5    6.904541e-05    3.229680e-05    5.962725e-04    4.657100e-03
       139.5    6.398959e-05    3.256843e-05    6.012875e-04    4.062500e-03
       140.5    6.064553e-05    3.405682e-05    6.287665e-04    4.157100e-03
       141.5    6.396512e-05    3.278974e-05    6.053733e-04    4.278600e-03
       142.5    7.113680e-05    3.516662e-05    6.492559e-04    4.571400e-03
       143.5    6.040473e-05    3.512031e-05    6.484010e-04    4.800000e-03
       144.5    8.210388e-05    3.641551e-05    6.723133e-04    4.511900e-03
       145.5    6.577951e-05    3.379058e-05    6.238511e-04    4.185700e-03
       146.5    5.887988e-05    2.959709e-05    5.464298e-04    4.500000e-03
       147.5    6.068864e-05    2.887627e-05    5.331219e-04    4.350500e-03
       148.5    7.282631e-05    3.013029e-05    5.562739e-04    3.823700e-03
       149.5    5.118088e-05    3.105282e-05    5.733059e-04    3.950000e-03
       150.5    5.791508e-05    3.083173e-05    5.692240e-04    4.371400e-03
       151.5    5.852536e-05    3.035802e-05    5.604783e-04    4.028600e-03
       152.5    6.708065e-05    2.911319e-05    5.374959e-04    4.000300e-03
       153.5    4.680794e-05    2.660349e-05    4.911611e-04    4.328800e-03
       154.5    7.057790e-05    2.727668e-05    5.035896e-04    4.071400e-03
       155.5    5.894003e-05    2.623274e-05    4.843162e-04    4.128600e-03
       156.5    6.377893e-05    2.495854e-05    4.607915e-04    3.612900e-03
       157.5    6.093260e-05    2.461379e-05    4.544267e-04    2.837400e-03
       158.5    2.916115e-05    2.191953e-05    4.046845e-04    2.942900e-03
       159.5    4.638214e-05    1.916502e-05    3.538299e-04    3.157100e-03
       160.5    5.488469e-05    1.809304e-05    3.340388e-04    2.721400e-03
       161.5    3.300135e-05    2.040859e-05    3.767890e-04    2.521400e-03
       162.5    3.954030e-05    2.100189e-05    3.877428e-04    3.264700e-03
       163.5    4.317789e-05    2.249680e-05    4.153422e-04    3.135700e-03
       164.5    6.067998e-05    2.128707e-05    3.930078e-04    3.028600e-03
       165.5    3.698424e-05    2.075118e-05    3.831140e-04    3.085700e-03
       166.5    4.701528e-05    2.049423e-05    3.783702e-04    2.821400e-03
       167.5    4.666848e-05    1.949123e-05    3.598525e-04    2.989400e-03
       168.5    3.703693e-05    1.800161e-05    3.323508e-04    2.917900e-03
       169.5    4.164653e-05    1.616922e-05    2.985207e-04    2.707100e-03
       170.5    3.841510e-05    1.852185e-05    3.419556e-04    2.378600e-03
       171.5    3.239142e-05    1.906692e-05    3.520188e-04    2.921400e-03
       172.5    4.378732e-05    1.989936e-05    3.673875e-04    2.650000e-03
       173.5    3.902270e-05    1.892871e-05    3.494671e-04    2.478600e-03
       174.5    3.448214e-05    1.711925e-05    3.160604e-04    3.035700e-03
       175.5    3.732576e-05    1.617597e-05    2.986453e-04    2.328600e-03
       176.5    4.731582e-05    1.640631e-05    3.028980e-04    2.007100e-03
       177.5    1.821358e-05    1.763283e-05    3.255423e-04    2.407100e-03
       178.5    4.231525e-05    1.737344e-05    3.207533e-04    2.342900e-03
       179.5    3.419043e-05    1.676759e-05    3.095679e-04    2.392900e-03
       180.5    3.047518e-05    1.568962e-05    2.896661e-04    2.485700e-03
       181.5    4.459185e-05    1.609413e-05    2.971342e-04    2.164300e-03
       182.5    3.278398e-05    1.545266e-05    2.852914e-04    2.142900e-03
       183.5    2.697649e-05    1.630439e-05    3.010162e-04    2.307100e-03
       184.5    3.447085e-05    1.644646e-05    3.036392e-04    2.181400e-03
       185.5    3.558765e-05    1.648558e-05    3.043615e-04    2.528900e-03
       186.5    3.355396e-05    1.643617e-05    3.034492e-04    2.194400e-03
       187.5    3.877153e-05    1.419493e-05    2.620709e-04    1.964500e-03
       188.5    2.441408e-05    1.457825e-05    2.691477e-04    2.042900e-03
       189.5    3.312215e-05    1.403981e-05    2.592069e-04    1.514300e-03
       190.5    2.714446e-05    1.270018e-05    2.344742e-04    1.514300e-03
       191.5    1.938559e-05    1.250453e-05    2.308621e-04    1.557100e-03
       192.5    2.522881e-05    1.084549e-05    2.002325e-04    1.778600e-03
       193.5    2.656223e-05    1.023530e-05    1.889671e-04    1.585700e-03
       194.5    2.270764e-05    1.187751e-05    2.192860e-04    1.828600e-03
       195.5    2.237535e-05    1.134955e-05    2.095386e-04    1.871400e-03
       196.5    2.826052e-05    1.201474e-05    2.218194e-04    1.621700e-03
       197.5    2.681464e-05    1.161576e-05    2.144534e-04    1.142900e-03
       198.5    1.953329e-05    1.162301e-05    2.145872e-04    1.632100e-03
       199.5    1.662174e-05    1.103746e-05    2.037766e-04    1.978600e-03
       200.5    2.613926e-05    1.041295e-05    1.922468e-04    1.464300e-03
       201.5    2.590866e-05    9.067897e-06    1.674141e-04    1.264300e-03
       202.5    1.661945e-05    8.120852e-06    1.499294e-04    1.042900e-03
       203.5    1.298119e-05    8.470803e-06    1.563903e-04    1.121400e-03
       204.5    2.314515e-05    8.354937e-06    1.542512e-04    1.071400e-03
       205.5    1.320448e-05    8.172140e-06    1.508763e-04    1.157100e-03
       206.5    1.589245e-05    7.479806e-06    1.380943e-04    1.028600e-03
       207.5    2.201395e-05    7.333415e-06    1.353916e-04    9.186600e-04
       208.5    9.015023e-06    6.533328e-06    1.206201e-04    1.157100e-03
       209.5    1.753430e-05    6.863014e-06    1.267069e-04    9.142900e-04
       210.5    1.333036e-05    7.364286e-06    1.359615e-04    1.221400e-03
       211.5    1.772264e-05    8.128452e-06    1.500698e-04    1.378600e-03
       212.5    2.657145e-05    8.189134e-06    1.511901e-04    1.421400e-03
       213.5    1.925114e-05    7.826773e-06    1.445001e-04    1.407100e-03
       214.5    1.874028e-05    7.683017e-06    1.418460e-04    1.371400e-03
       215.5    1.820124e-05    7.373364e-06    1.361291e-04    9.214300e-04
       216.5    1.851466e-05    6.908071e-06    1.275387e-04    5.714300e-04
       217.5    7.146880e-06    6.693165e-06    1.235711e-04    9.285700e-04
       218.5    1.341860e-05    6.523680e-06    1.204420e-04    1.571400e-03
       219.5    2.064835e-05    6.212804e-06    1.147025e-04    1.435700e-03
       220.5    2.441589e-05    6.988955e-06    1.290321e-04    1.242900e-03
       221.5    2.097723e-05    7.275255e-06    1.343178e-04    7.428600e-04
       222.5    1.423336e-05    7.305577e-06    1.348776e-04    8.428600e-04
       223.5    9.294728e-06    6.092094e-06    1.124740e-04    1.085700e-03
       224.5    1.469970e-05    5.609703e-06    1.035679e-04    1.054100e-03
       225.5    1.764974e-05    4.951653e-06    9.141881e-05    8.178000e-04
       226.5    1.342126e-05    4.296900e-06    7.933057e-05    5.071400e-04
       227.5    1.052033e-05    4.124390e-06    7.614564e-05    2.857100e-04
       228.5    2.932970e-06    4.294608e-06    7.928826e-05    7.357100e-04
       229.5    6.764979e-06    4.149325e-06    7.660601e-05    7.857100e-04
       230.5    1.375961e-05    3.768235e-06    6.957020e-05    8.111100e-04
       231.5    1.121363e-05    3.772805e-06    6.965459e-05    6.714300e-04
       232.5    1.390519e-05    3.740715e-06    6.906212e-05    5.357100e-04
       233.5    8.426481e-06    3.482083e-06    6.428718e-05    5.071400e-04
       234.5    7.091945e-06    3.578160e-06    6.606100e-05    6.928600e-04
       235.5    7.694586e-06    3.438860e-06    6.348921e-05    7.142900e-04
       236.5    1.363257e-05    3.306050e-06    6.103722e-05    6.500000e-04
       237.5    8.524380e-06    3.457912e-06    6.384095e-05    5.000000e-04
       238.5    7.162204e-06    3.925201e-06    7.246817e-05    6.357100e-04
       239.5    8.798057e-06    4.035704e-06    7.450829e-05    8.142900e-04
       240.5    1.164329e-05    4.128676e-06    7.622477e-05    6.714300e-04
       241.5    1.401547e-05    3.643598e-06    6.726913e-05    6.285700e-04
       242.5    7.542954e-06    3.466404e-06    6.399773e-05    5.714300e-04
       243.5    1.103673e-05    3.253140e-06    6.006039e-05    7.214500e-04
       244.5    7.182357e-06    3.358242e-06    6.200081e-05    9.571400e-04
       245.5    1.506106e-05    3.605728e-06    6.656996e-05    6.142900e-04
       246.5    1.089038e-05    4.173863e-06    7.705902e-05    4.857100e-04
       247.5    8.831376e-06    3.877901e-06    7.159490e-05    3.357100e-04
       248.5    2.774841e-06    2.920860e-06    5.392574e-05    5.785700e-04
       249.5    1.058365e-05    1.358829e-06    2.508708e-05    0.000000e+00
