# Source spectra table — Steel_23cm_Concrete_65cm
# tracknet10    : TrackNet10 normalised (sum=1)
# layer2_input  : norm output of Steel_23cm (sum=1)
# raw_layer1    : raw CNN flux out of Steel_23cm (n/cm2/src/MeV)
# unshielded    : no-shielding PHITS flux (n/cm2/src/MeV)
#
  energy_MeV      tracknet10    layer2_input      raw_layer1      unshielded
         0.5    5.226433e-01    8.632962e-01    2.352486e+01    2.534200e+01
         1.5    2.151194e-01    8.676913e-02    2.364462e+00    1.069400e+01
         2.5    9.921382e-02    1.344079e-02    3.662622e-01    4.938900e+00
         3.5    4.663395e-02    4.761525e-03    1.297518e-01    2.407200e+00
         4.5    2.465916e-02    2.551730e-03    6.953477e-02    1.309200e+00
         5.5    1.412320e-02    1.712132e-03    4.665569e-02    7.902600e-01
         6.5    9.184430e-03    1.329427e-03    3.622695e-02    5.249500e-01
         7.5    6.367362e-03    1.051707e-03    2.865906e-02    3.817900e-01
         8.5    4.908292e-03    8.342384e-04    2.273303e-02    2.932700e-01
         9.5    3.793749e-03    7.067243e-04    1.925827e-02    2.310700e-01
        10.5    3.027744e-03    6.070045e-04    1.654090e-02    1.876100e-01
        11.5    2.557925e-03    5.451814e-04    1.485622e-02    1.589800e-01
        12.5    2.182114e-03    5.073005e-04    1.382396e-02    1.386700e-01
        13.5    1.910075e-03    4.785182e-04    1.303964e-02    1.184400e-01
        14.5    1.594949e-03    4.534015e-04    1.235521e-02    1.017500e-01
        15.5    1.463634e-03    4.270457e-04    1.163701e-02    9.201800e-02
        16.5    1.277654e-03    3.993213e-04    1.088152e-02    8.427700e-02
        17.5    1.240221e-03    3.694532e-04    1.006762e-02    7.713400e-02
        18.5    1.072762e-03    3.542260e-04    9.652672e-03    7.014300e-02
        19.5    9.875945e-04    3.295598e-04    8.980516e-03    6.351300e-02
        20.5    9.016737e-04    3.551178e-04    9.676973e-03    5.959200e-02
        21.5    8.261397e-04    3.429734e-04    9.346039e-03    5.305900e-02
        22.5    7.724593e-04    3.359149e-04    9.153693e-03    5.166800e-02
        23.5    7.579949e-04    3.226029e-04    8.790941e-03    5.014100e-02
        24.5    7.315648e-04    3.121039e-04    8.504844e-03    4.935500e-02
        25.5    7.096775e-04    2.961899e-04    8.071187e-03    4.622400e-02
        26.5    6.372129e-04    2.930625e-04    7.985964e-03    4.255100e-02
        27.5    6.047094e-04    2.821796e-04    7.689405e-03    4.109600e-02
        28.5    6.301635e-04    2.788514e-04    7.598712e-03    4.001400e-02
        29.5    5.644698e-04    2.781622e-04    7.579931e-03    3.742300e-02
        30.5    5.530623e-04    2.769961e-04    7.548155e-03    3.809500e-02
        31.5    5.661317e-04    2.777233e-04    7.567972e-03    3.628000e-02
        32.5    5.161478e-04    2.599374e-04    7.083302e-03    3.562200e-02
        33.5    5.230602e-04    2.508809e-04    6.836517e-03    3.453500e-02
        34.5    5.013094e-04    2.503993e-04    6.823394e-03    3.467300e-02
        35.5    5.015938e-04    2.527738e-04    6.888098e-03    3.309400e-02
        36.5    4.757248e-04    2.518480e-04    6.862869e-03    3.080500e-02
        37.5    4.484003e-04    2.445270e-04    6.663372e-03    2.976800e-02
        38.5    4.466441e-04    2.436934e-04    6.640658e-03    2.936400e-02
        39.5    4.354677e-04    2.354770e-04    6.416758e-03    2.931900e-02
        40.5    4.062724e-04    2.175088e-04    5.927126e-03    2.834600e-02
        41.5    4.238118e-04    2.141971e-04    5.836881e-03    2.895100e-02
        42.5    4.265420e-04    2.088080e-04    5.690028e-03    2.879600e-02
        43.5    4.064187e-04    2.037043e-04    5.550952e-03    2.822800e-02
        44.5    4.096045e-04    2.011846e-04    5.482290e-03    2.636400e-02
        45.5    3.967504e-04    1.949272e-04    5.311774e-03    2.547000e-02
        46.5    3.533838e-04    1.981701e-04    5.400146e-03    2.560100e-02
        47.5    3.746756e-04    1.967639e-04    5.361826e-03    2.539200e-02
        48.5    3.779122e-04    1.928592e-04    5.255422e-03    2.524400e-02
        49.5    3.701634e-04    1.792323e-04    4.884088e-03    2.316100e-02
        50.5    3.299704e-04    1.849022e-04    5.038595e-03    2.501200e-02
        51.5    3.852835e-04    1.806948e-04    4.923943e-03    2.532200e-02
        52.5    3.863087e-04    1.818424e-04    4.955214e-03    2.560700e-02
        53.5    3.538326e-04    1.869284e-04    5.093808e-03    2.538500e-02
        54.5    3.705422e-04    2.004011e-04    5.460939e-03    2.520400e-02
        55.5    3.529589e-04    1.976443e-04    5.385817e-03    2.432500e-02
        56.5    3.607111e-04    1.955385e-04    5.328433e-03    2.241300e-02
        57.5    3.171100e-04    1.798003e-04    4.899567e-03    2.305500e-02
        58.5    3.525931e-04    1.758360e-04    4.791540e-03    2.242700e-02
        59.5    2.989628e-04    1.604612e-04    4.372576e-03    2.069800e-02
        60.5    3.120084e-04    1.561314e-04    4.254587e-03    2.151000e-02
        61.5    3.137998e-04    1.500037e-04    4.087607e-03    2.080800e-02
        62.5    3.097197e-04    1.551280e-04    4.227245e-03    2.049700e-02
        63.5    3.014370e-04    1.556299e-04    4.240922e-03    1.967200e-02
        64.5    2.725034e-04    1.630932e-04    4.444298e-03    1.902400e-02
        65.5    2.848456e-04    1.535015e-04    4.182923e-03    1.901300e-02
        66.5    2.719625e-04    1.552040e-04    4.229316e-03    1.837500e-02
        67.5    2.713756e-04    1.588974e-04    4.329961e-03    1.786500e-02
        68.5    2.541220e-04    1.573242e-04    4.287093e-03    1.852300e-02
        69.5    2.710849e-04    1.512968e-04    4.122845e-03    1.781400e-02
        70.5    2.726733e-04    1.446027e-04    3.940430e-03    1.776200e-02
        71.5    2.370334e-04    1.512447e-04    4.121424e-03    1.827500e-02
        72.5    2.875185e-04    1.421967e-04    3.874866e-03    1.700300e-02
        73.5    2.247268e-04    1.246105e-04    3.395641e-03    1.610000e-02
        74.5    2.392355e-04    1.187779e-04    3.236705e-03    1.562800e-02
        75.5    2.296926e-04    1.153421e-04    3.143079e-03    1.523800e-02
        76.5    2.262787e-04    1.174802e-04    3.201340e-03    1.546400e-02
        77.5    2.251686e-04    1.198869e-04    3.266924e-03    1.661600e-02
        78.5    2.538528e-04    1.228051e-04    3.346445e-03    1.619800e-02
        79.5    2.318166e-04    1.254539e-04    3.418625e-03    1.511900e-02
        80.5    2.256829e-04    1.254175e-04    3.417634e-03    1.400500e-02
        81.5    1.973852e-04    1.276335e-04    3.478020e-03    1.344400e-02
        82.5    2.098483e-04    1.221749e-04    3.329271e-03    1.405200e-02
        83.5    1.960335e-04    1.235375e-04    3.366404e-03    1.341700e-02
        84.5    1.984748e-04    1.238929e-04    3.376087e-03    1.272500e-02
        85.5    1.876114e-04    1.156018e-04    3.150155e-03    1.343400e-02
        86.5    1.964082e-04    1.132445e-04    3.085919e-03    1.486600e-02
        87.5    2.372048e-04    1.158926e-04    3.158078e-03    1.398900e-02
        88.5    1.894625e-04    1.101029e-04    3.000309e-03    1.214900e-02
        89.5    1.786759e-04    9.940979e-05    2.708921e-03    1.174600e-02
        90.5    1.691569e-04    9.335280e-05    2.543868e-03    1.191400e-02
        91.5    1.805618e-04    9.256181e-05    2.522313e-03    1.179000e-02
        92.5    1.675213e-04    9.200899e-05    2.507249e-03    1.181300e-02
        93.5    1.840867e-04    9.943970e-05    2.709736e-03    1.223700e-02
        94.5    1.741728e-04    1.105477e-04    3.012430e-03    1.176100e-02
        95.5    1.724021e-04    1.217825e-04    3.318578e-03    1.157400e-02
        96.5    1.713868e-04    1.166639e-04    3.179098e-03    1.236100e-02
        97.5    1.875951e-04    1.085358e-04    2.957607e-03    1.149700e-02
        98.5    1.747493e-04    9.356870e-05    2.549751e-03    1.050200e-02
        99.5    1.383076e-04    9.070563e-05    2.471732e-03    1.046300e-02
       100.5    1.637510e-04    8.965884e-05    2.443207e-03    9.260900e-03
       101.5    1.283254e-04    8.723471e-05    2.377150e-03    8.031600e-03
       102.5    1.158613e-04    8.411798e-05    2.292219e-03    9.247200e-03
       103.5    1.299364e-04    7.813857e-05    2.129279e-03    9.489200e-03
       104.5    1.549606e-04    7.972935e-05    2.172628e-03    8.798700e-03
       105.5    1.179679e-04    8.257569e-05    2.250191e-03    8.199300e-03
       106.5    1.227874e-04    8.061789e-05    2.196841e-03    9.335400e-03
       107.5    1.343858e-04    7.712511e-05    2.101663e-03    9.278100e-03
       108.5    1.320955e-04    8.176840e-05    2.228192e-03    9.128600e-03
       109.5    1.486694e-04    8.058161e-05    2.195852e-03    8.547500e-03
       110.5    1.172974e-04    7.590781e-05    2.068491e-03    7.871600e-03
       111.5    1.090872e-04    7.125508e-05    1.941704e-03    7.150400e-03
       112.5    1.053124e-04    6.978264e-05    1.901580e-03    7.463500e-03
       113.5    1.054350e-04    6.961627e-05    1.897046e-03    7.958900e-03
       114.5    1.254865e-04    6.789233e-05    1.850069e-03    7.615600e-03
       115.5    1.084844e-04    6.868394e-05    1.871640e-03    7.307200e-03
       116.5    1.096078e-04    6.985039e-05    1.903426e-03    7.308200e-03
       117.5    1.076979e-04    7.305012e-05    1.990619e-03    7.692900e-03
       118.5    1.088708e-04    7.379824e-05    2.011005e-03    8.213100e-03
       119.5    1.163006e-04    6.942055e-05    1.891713e-03    7.835700e-03
       120.5    1.167053e-04    6.656636e-05    1.813936e-03    7.114100e-03
       121.5    1.017466e-04    6.068486e-05    1.653665e-03    7.107300e-03
       122.5    1.104649e-04    5.840643e-05    1.591578e-03    6.650100e-03
       123.5    8.851905e-05    5.660944e-05    1.542610e-03    6.322800e-03
       124.5    1.073662e-04    5.594190e-05    1.524419e-03    5.552400e-03
       125.5    7.694714e-05    5.846609e-05    1.593204e-03    5.492900e-03
       126.5    6.891751e-05    6.194098e-05    1.687894e-03    6.004900e-03
       127.5    9.389809e-05    5.953821e-05    1.622419e-03    6.095400e-03
       128.5    9.597209e-05    5.496338e-05    1.497754e-03    6.072100e-03
       129.5    7.801972e-05    5.359300e-05    1.460412e-03    5.397400e-03
       130.5    8.070984e-05    5.538416e-05    1.509221e-03    5.691300e-03
       131.5    8.328382e-05    5.337479e-05    1.454465e-03    5.907200e-03
       132.5    7.728661e-05    5.205956e-05    1.418625e-03    5.646100e-03
       133.5    8.346242e-05    5.181049e-05    1.411838e-03    5.874100e-03
       134.5    7.970923e-05    4.812867e-05    1.311508e-03    5.457200e-03
       135.5    8.254857e-05    4.526802e-05    1.233555e-03    5.378600e-03
       136.5    7.440894e-05    4.263018e-05    1.161674e-03    5.264300e-03
       137.5    8.248219e-05    4.120731e-05    1.122901e-03    4.978600e-03
       138.5    6.904541e-05    4.010515e-05    1.092867e-03    4.657100e-03
       139.5    6.398959e-05    4.072031e-05    1.109630e-03    4.062500e-03
       140.5    6.064553e-05    4.291439e-05    1.169419e-03    4.157100e-03
       141.5    6.396512e-05    4.173302e-05    1.137227e-03    4.278600e-03
       142.5    7.113680e-05    4.510192e-05    1.229029e-03    4.571400e-03
       143.5    6.040473e-05    4.523305e-05    1.232602e-03    4.800000e-03
       144.5    8.210388e-05    4.750914e-05    1.294626e-03    4.511900e-03
       145.5    6.577951e-05    4.369672e-05    1.190737e-03    4.185700e-03
       146.5    5.887988e-05    3.796281e-05    1.034488e-03    4.500000e-03
       147.5    6.068864e-05    3.692894e-05    1.006315e-03    4.350500e-03
       148.5    7.282631e-05    3.859618e-05    1.051747e-03    3.823700e-03
       149.5    5.118088e-05    3.974980e-05    1.083184e-03    3.950000e-03
       150.5    5.791508e-05    3.990548e-05    1.087426e-03    4.371400e-03
       151.5    5.852536e-05    3.876299e-05    1.056293e-03    4.028600e-03
       152.5    6.708065e-05    3.757153e-05    1.023826e-03    4.000300e-03
       153.5    4.680794e-05    3.455619e-05    9.416575e-04    4.328800e-03
       154.5    7.057790e-05    3.547366e-05    9.666588e-04    4.071400e-03
       155.5    5.894003e-05    3.465353e-05    9.443102e-04    4.128600e-03
       156.5    6.377893e-05    3.229325e-05    8.799922e-04    3.612900e-03
       157.5    6.093260e-05    3.133758e-05    8.539502e-04    2.837400e-03
       158.5    2.916115e-05    2.765081e-05    7.534857e-04    2.942900e-03
       159.5    4.638214e-05    2.398655e-05    6.536347e-04    3.157100e-03
       160.5    5.488469e-05    2.282972e-05    6.221110e-04    2.721400e-03
       161.5    3.300135e-05    2.552336e-05    6.955126e-04    2.521400e-03
       162.5    3.954030e-05    2.626565e-05    7.157399e-04    3.264700e-03
       163.5    4.317789e-05    2.844479e-05    7.751215e-04    3.135700e-03
       164.5    6.067998e-05    2.725410e-05    7.426752e-04    3.028600e-03
       165.5    3.698424e-05    2.665459e-05    7.263386e-04    3.085700e-03
       166.5    4.701528e-05    2.653971e-05    7.232081e-04    2.821400e-03
       167.5    4.666848e-05    2.530098e-05    6.894529e-04    2.989400e-03
       168.5    3.703693e-05    2.305532e-05    6.282586e-04    2.917900e-03
       169.5    4.164653e-05    2.082562e-05    5.674991e-04    2.707100e-03
       170.5    3.841510e-05    2.363135e-05    6.439555e-04    2.378600e-03
       171.5    3.239142e-05    2.429401e-05    6.620128e-04    2.921400e-03
       172.5    4.378732e-05    2.552352e-05    6.955172e-04    2.650000e-03
       173.5    3.902270e-05    2.438417e-05    6.644698e-04    2.478600e-03
       174.5    3.448214e-05    2.228439e-05    6.072506e-04    3.035700e-03
       175.5    3.732576e-05    2.125968e-05    5.793273e-04    2.328600e-03
       176.5    4.731582e-05    2.126935e-05    5.795908e-04    2.007100e-03
       177.5    1.821358e-05    2.240514e-05    6.105411e-04    2.407100e-03
       178.5    4.231525e-05    2.186951e-05    5.959453e-04    2.342900e-03
       179.5    3.419043e-05    2.109779e-05    5.749158e-04    2.392900e-03
       180.5    3.047518e-05    1.989843e-05    5.422331e-04    2.485700e-03
       181.5    4.459185e-05    2.093645e-05    5.705192e-04    2.164300e-03
       182.5    3.278398e-05    2.048558e-05    5.582330e-04    2.142900e-03
       183.5    2.697649e-05    2.171938e-05    5.918542e-04    2.307100e-03
       184.5    3.447085e-05    2.188460e-05    5.963563e-04    2.181400e-03
       185.5    3.558765e-05    2.154505e-05    5.871036e-04    2.528900e-03
       186.5    3.355396e-05    2.126949e-05    5.795945e-04    2.194400e-03
       187.5    3.877153e-05    1.820418e-05    4.960647e-04    1.964500e-03
       188.5    2.441408e-05    1.871025e-05    5.098553e-04    2.042900e-03
       189.5    3.312215e-05    1.813515e-05    4.941838e-04    1.514300e-03
       190.5    2.714446e-05    1.647226e-05    4.488698e-04    1.514300e-03
       191.5    1.938559e-05    1.608899e-05    4.384258e-04    1.557100e-03
       192.5    2.522881e-05    1.389885e-05    3.787443e-04    1.778600e-03
       193.5    2.656223e-05    1.297866e-05    3.536691e-04    1.585700e-03
       194.5    2.270764e-05    1.474125e-05    4.016999e-04    1.828600e-03
       195.5    2.237535e-05    1.408662e-05    3.838610e-04    1.871400e-03
       196.5    2.826052e-05    1.501727e-05    4.092214e-04    1.621700e-03
       197.5    2.681464e-05    1.510949e-05    4.117344e-04    1.142900e-03
       198.5    1.953329e-05    1.539727e-05    4.195765e-04    1.632100e-03
       199.5    1.662174e-05    1.473860e-05    4.016276e-04    1.978600e-03
       200.5    2.613926e-05    1.395947e-05    3.803963e-04    1.464300e-03
       201.5    2.590866e-05    1.186570e-05    3.233408e-04    1.264300e-03
       202.5    1.661945e-05    1.038912e-05    2.831041e-04    1.042900e-03
       203.5    1.298119e-05    1.064890e-05    2.901831e-04    1.121400e-03
       204.5    2.314515e-05    1.049245e-05    2.859198e-04    1.071400e-03
       205.5    1.320448e-05    1.041066e-05    2.836909e-04    1.157100e-03
       206.5    1.589245e-05    9.680127e-06    2.637839e-04    1.028600e-03
       207.5    2.201395e-05    9.678087e-06    2.637283e-04    9.186600e-04
       208.5    9.015023e-06    8.613657e-06    2.347225e-04    1.157100e-03
       209.5    1.753430e-05    8.895227e-06    2.423953e-04    9.142900e-04
       210.5    1.333036e-05    9.507340e-06    2.590754e-04    1.221400e-03
       211.5    1.772264e-05    1.048320e-05    2.856676e-04    1.378600e-03
       212.5    2.657145e-05    1.063593e-05    2.898296e-04    1.421400e-03
       213.5    1.925114e-05    1.036285e-05    2.823882e-04    1.407100e-03
       214.5    1.874028e-05    1.048278e-05    2.856563e-04    1.371400e-03
       215.5    1.820124e-05    1.010719e-05    2.754213e-04    9.214300e-04
       216.5    1.851466e-05    9.423824e-06    2.567996e-04    5.714300e-04
       217.5    7.146880e-06    9.017260e-06    2.457207e-04    9.285700e-04
       218.5    1.341860e-05    8.597708e-06    2.342879e-04    1.571400e-03
       219.5    2.064835e-05    8.213931e-06    2.238299e-04    1.435700e-03
       220.5    2.441589e-05    9.405507e-06    2.563005e-04    1.242900e-03
       221.5    2.097723e-05    9.910182e-06    2.700529e-04    7.428600e-04
       222.5    1.423336e-05    1.024355e-05    2.791373e-04    8.428600e-04
       223.5    9.294728e-06    8.692379e-06    2.368677e-04    1.085700e-03
       224.5    1.469970e-05    7.966635e-06    2.170911e-04    1.054100e-03
       225.5    1.764974e-05    6.953834e-06    1.894923e-04    8.178000e-04
       226.5    1.342126e-05    5.912896e-06    1.611267e-04    5.071400e-04
       227.5    1.052033e-05    5.459469e-06    1.487708e-04    2.857100e-04
       228.5    2.932970e-06    5.546449e-06    1.511410e-04    7.357100e-04
       229.5    6.764979e-06    5.272291e-06    1.436702e-04    7.857100e-04
       230.5    1.375961e-05    4.821679e-06    1.313909e-04    8.111100e-04
       231.5    1.121363e-05    4.881176e-06    1.330122e-04    6.714300e-04
       232.5    1.390519e-05    4.954022e-06    1.349973e-04    5.357100e-04
       233.5    8.426481e-06    4.691664e-06    1.278480e-04    5.071400e-04
       234.5    7.091945e-06    4.856916e-06    1.323512e-04    6.928600e-04
       235.5    7.694586e-06    4.718195e-06    1.285710e-04    7.142900e-04
       236.5    1.363257e-05    4.513393e-06    1.229901e-04    6.500000e-04
       237.5    8.524380e-06    4.637816e-06    1.263807e-04    5.000000e-04
       238.5    7.162204e-06    5.259006e-06    1.433081e-04    6.357100e-04
       239.5    8.798057e-06    5.435246e-06    1.481107e-04    8.142900e-04
       240.5    1.164329e-05    5.681144e-06    1.548114e-04    6.714300e-04
       241.5    1.401547e-05    5.016123e-06    1.366896e-04    6.285700e-04
       242.5    7.542954e-06    4.793849e-06    1.306326e-04    5.714300e-04
       243.5    1.103673e-05    4.412726e-06    1.202470e-04    7.214500e-04
       244.5    7.182357e-06    4.550652e-06    1.240055e-04    9.571400e-04
       245.5    1.506106e-05    4.861269e-06    1.324698e-04    6.142900e-04
       246.5    1.089038e-05    5.608999e-06    1.528455e-04    4.857100e-04
       247.5    8.831376e-06    5.370339e-06    1.463420e-04    3.357100e-04
       248.5    2.774841e-06    4.177933e-06    1.138488e-04    5.785700e-04
       249.5    1.058365e-05    1.985814e-06    5.411352e-05    0.000000e+00
