[ T-Track ]
    title = [t-track] in region mesh
     mesh =  reg            # mesh type is region-wise
      reg = 4
   e-type =    1            # e-mesh is given by the below data
       ne =    250          # number of e-mesh points
#    data = ( e(i), i = 1, ne + 1 )
            0.00000E+00  1.00000E+00  2.00000E+00  3.00000E+00  4.00000E+00
            5.00000E+00  6.00000E+00  7.00000E+00  8.00000E+00  9.00000E+00
            1.00000E+01  1.10000E+01  1.20000E+01  1.30000E+01  1.40000E+01
            1.50000E+01  1.60000E+01  1.70000E+01  1.80000E+01  1.90000E+01
            2.00000E+01  2.10000E+01  2.20000E+01  2.30000E+01  2.40000E+01
            2.50000E+01  2.60000E+01  2.70000E+01  2.80000E+01  2.90000E+01
            3.00000E+01  3.10000E+01  3.20000E+01  3.30000E+01  3.40000E+01
            3.50000E+01  3.60000E+01  3.70000E+01  3.80000E+01  3.90000E+01
            4.00000E+01  4.10000E+01  4.20000E+01  4.30000E+01  4.40000E+01
            4.50000E+01  4.60000E+01  4.70000E+01  4.80000E+01  4.90000E+01
            5.00000E+01  5.10000E+01  5.20000E+01  5.30000E+01  5.40000E+01
            5.50000E+01  5.60000E+01  5.70000E+01  5.80000E+01  5.90000E+01
            6.00000E+01  6.10000E+01  6.20000E+01  6.30000E+01  6.40000E+01
            6.50000E+01  6.60000E+01  6.70000E+01  6.80000E+01  6.90000E+01
            7.00000E+01  7.10000E+01  7.20000E+01  7.30000E+01  7.40000E+01
            7.50000E+01  7.60000E+01  7.70000E+01  7.80000E+01  7.90000E+01
            8.00000E+01  8.10000E+01  8.20000E+01  8.30000E+01  8.40000E+01
            8.50000E+01  8.60000E+01  8.70000E+01  8.80000E+01  8.90000E+01
            9.00000E+01  9.10000E+01  9.20000E+01  9.30000E+01  9.40000E+01
            9.50000E+01  9.60000E+01  9.70000E+01  9.80000E+01  9.90000E+01
            1.00000E+02  1.01000E+02  1.02000E+02  1.03000E+02  1.04000E+02
            1.05000E+02  1.06000E+02  1.07000E+02  1.08000E+02  1.09000E+02
            1.10000E+02  1.11000E+02  1.12000E+02  1.13000E+02  1.14000E+02
            1.15000E+02  1.16000E+02  1.17000E+02  1.18000E+02  1.19000E+02
            1.20000E+02  1.21000E+02  1.22000E+02  1.23000E+02  1.24000E+02
            1.25000E+02  1.26000E+02  1.27000E+02  1.28000E+02  1.29000E+02
            1.30000E+02  1.31000E+02  1.32000E+02  1.33000E+02  1.34000E+02
            1.35000E+02  1.36000E+02  1.37000E+02  1.38000E+02  1.39000E+02
            1.40000E+02  1.41000E+02  1.42000E+02  1.43000E+02  1.44000E+02
            1.45000E+02  1.46000E+02  1.47000E+02  1.48000E+02  1.49000E+02
            1.50000E+02  1.51000E+02  1.52000E+02  1.53000E+02  1.54000E+02
            1.55000E+02  1.56000E+02  1.57000E+02  1.58000E+02  1.59000E+02
            1.60000E+02  1.61000E+02  1.62000E+02  1.63000E+02  1.64000E+02
            1.65000E+02  1.66000E+02  1.67000E+02  1.68000E+02  1.69000E+02
            1.70000E+02  1.71000E+02  1.72000E+02  1.73000E+02  1.74000E+02
            1.75000E+02  1.76000E+02  1.77000E+02  1.78000E+02  1.79000E+02
            1.80000E+02  1.81000E+02  1.82000E+02  1.83000E+02  1.84000E+02
            1.85000E+02  1.86000E+02  1.87000E+02  1.88000E+02  1.89000E+02
            1.90000E+02  1.91000E+02  1.92000E+02  1.93000E+02  1.94000E+02
            1.95000E+02  1.96000E+02  1.97000E+02  1.98000E+02  1.99000E+02
            2.00000E+02  2.01000E+02  2.02000E+02  2.03000E+02  2.04000E+02
            2.05000E+02  2.06000E+02  2.07000E+02  2.08000E+02  2.09000E+02
            2.10000E+02  2.11000E+02  2.12000E+02  2.13000E+02  2.14000E+02
            2.15000E+02  2.16000E+02  2.17000E+02  2.18000E+02  2.19000E+02
            2.20000E+02  2.21000E+02  2.22000E+02  2.23000E+02  2.24000E+02
            2.25000E+02  2.26000E+02  2.27000E+02  2.28000E+02  2.29000E+02
            2.30000E+02  2.31000E+02  2.32000E+02  2.33000E+02  2.34000E+02
            2.35000E+02  2.36000E+02  2.37000E+02  2.38000E+02  2.39000E+02
            2.40000E+02  2.41000E+02  2.42000E+02  2.43000E+02  2.44000E+02
            2.45000E+02  2.46000E+02  2.47000E+02  2.48000E+02  2.49000E+02
            2.50000E+02
     unit =    2            # unit is [1/cm^2/(MeV/n)/source]
 material =  all            # (D=all) number of specific material
     axis =     eng            # axis of output
     file = neutral_particles_shield1_HE.out  # file name of output for the above axis
     part =  neutron    photon   
# kf/name :  2112       22       
#    used :        main (  %)        temp (  %)       total (  %)
#  memory :         257 (  0)           0 (  0)         257 (  0)

#------------------------------------------------------------------------------
#newpage:
#   no. =  1   reg =      4

x: Energy [MeV/n]
y: Flux [1/cm^2/(MeV/n)/source]      
p: xlin ylog afac(0.8) form(0.9)
h: n            x            y(neutron ),hh0l   n y(photon  ),hh0dr  n 
#  e-lower      e-upper      neutron     r.err    photon      r.err 
   0.0000E+00   1.0000E+00   1.4770E+00  0.0035   3.0893E+00  0.0026
   1.0000E+00   2.0000E+00   1.3049E-01  0.0114   8.1764E-01  0.0045
   2.0000E+00   3.0000E+00   1.4520E-01  0.0105   7.2786E-01  0.0047
   3.0000E+00   4.0000E+00   6.2161E-02  0.0164   3.0321E-01  0.0073
   4.0000E+00   5.0000E+00   6.7297E-02  0.0154   2.4160E-01  0.0081
   5.0000E+00   6.0000E+00   6.3811E-02  0.0156   9.5309E-02  0.0130
   6.0000E+00   7.0000E+00   5.3193E-02  0.0169   1.3733E-01  0.0108
   7.0000E+00   8.0000E+00   3.2618E-02  0.0217   7.4032E-02  0.0146
   8.0000E+00   9.0000E+00   2.9018E-02  0.0229   1.1376E-02  0.0373
   9.0000E+00   1.0000E+01   2.2597E-02  0.0261   4.8863E-03  0.0578
   1.0000E+01   1.1000E+01   2.0597E-02  0.0273   1.6107E-03  0.1016
   1.1000E+01   1.2000E+01   1.6178E-02  0.0308   2.0901E-04  0.2845
   1.2000E+01   1.3000E+01   1.6219E-02  0.0306   5.6089E-05  0.5973
   1.3000E+01   1.4000E+01   1.6498E-02  0.0305   0.0000E+00  0.0000
   1.4000E+01   1.5000E+01   1.5701E-02  0.0316   0.0000E+00  0.0000
   1.5000E+01   1.6000E+01   1.2810E-02  0.0346   0.0000E+00  0.0000
   1.6000E+01   1.7000E+01   1.3338E-02  0.0340   0.0000E+00  0.0000
   1.7000E+01   1.8000E+01   1.2834E-02  0.0345   0.0000E+00  0.0000
   1.8000E+01   1.9000E+01   1.1922E-02  0.0355   0.0000E+00  0.0000
   1.9000E+01   2.0000E+01   1.1187E-02  0.0364   0.0000E+00  0.0000
   2.0000E+01   2.1000E+01   1.5856E-02  0.0303   0.0000E+00  0.0000
   2.1000E+01   2.2000E+01   1.4556E-02  0.0319   0.0000E+00  0.0000
   2.2000E+01   2.3000E+01   1.3806E-02  0.0322   0.0000E+00  0.0000
   2.3000E+01   2.4000E+01   1.4559E-02  0.0317   0.0000E+00  0.0000
   2.4000E+01   2.5000E+01   1.4298E-02  0.0318   0.0000E+00  0.0000
   2.5000E+01   2.6000E+01   1.4733E-02  0.0313   0.0000E+00  0.0000
   2.6000E+01   2.7000E+01   1.3537E-02  0.0326   0.0000E+00  0.0000
   2.7000E+01   2.8000E+01   1.3246E-02  0.0328   0.0000E+00  0.0000
   2.8000E+01   2.9000E+01   1.3791E-02  0.0324   0.0000E+00  0.0000
   2.9000E+01   3.0000E+01   1.2708E-02  0.0332   0.0000E+00  0.0000
   3.0000E+01   3.1000E+01   1.3409E-02  0.0325   0.0000E+00  0.0000
   3.1000E+01   3.2000E+01   1.2913E-02  0.0327   0.0000E+00  0.0000
   3.2000E+01   3.3000E+01   1.3063E-02  0.0326   0.0000E+00  0.0000
   3.3000E+01   3.4000E+01   1.2046E-02  0.0338   0.0000E+00  0.0000
   3.4000E+01   3.5000E+01   1.2632E-02  0.0329   0.0000E+00  0.0000
   3.5000E+01   3.6000E+01   1.3561E-02  0.0322   0.0000E+00  0.0000
   3.6000E+01   3.7000E+01   1.2243E-02  0.0335   0.0000E+00  0.0000
   3.7000E+01   3.8000E+01   1.1789E-02  0.0340   0.0000E+00  0.0000
   3.8000E+01   3.9000E+01   1.1532E-02  0.0342   0.0000E+00  0.0000
   3.9000E+01   4.0000E+01   1.1503E-02  0.0343   0.0000E+00  0.0000
   4.0000E+01   4.1000E+01   1.2403E-02  0.0330   0.0000E+00  0.0000
   4.1000E+01   4.2000E+01   1.1949E-02  0.0336   0.0000E+00  0.0000
   4.2000E+01   4.3000E+01   1.1362E-02  0.0342   0.0000E+00  0.0000
   4.3000E+01   4.4000E+01   1.1626E-02  0.0339   0.0000E+00  0.0000
   4.4000E+01   4.5000E+01   1.1016E-02  0.0347   0.0000E+00  0.0000
   4.5000E+01   4.6000E+01   1.1833E-02  0.0336   0.0000E+00  0.0000
   4.6000E+01   4.7000E+01   1.0658E-02  0.0350   0.0000E+00  0.0000
   4.7000E+01   4.8000E+01   1.1181E-02  0.0343   0.0000E+00  0.0000
   4.8000E+01   4.9000E+01   1.0990E-02  0.0345   0.0000E+00  0.0000
   4.9000E+01   5.0000E+01   1.0480E-02  0.0354   0.0000E+00  0.0000
   5.0000E+01   5.1000E+01   1.1204E-02  0.0345   0.0000E+00  0.0000
   5.1000E+01   5.2000E+01   1.0423E-02  0.0353   0.0000E+00  0.0000
   5.2000E+01   5.3000E+01   1.0733E-02  0.0344   0.0000E+00  0.0000
   5.3000E+01   5.4000E+01   1.0326E-02  0.0352   0.0000E+00  0.0000
   5.4000E+01   5.5000E+01   1.0911E-02  0.0345   0.0000E+00  0.0000
   5.5000E+01   5.6000E+01   1.0502E-02  0.0347   0.0000E+00  0.0000
   5.6000E+01   5.7000E+01   9.9130E-03  0.0359   0.0000E+00  0.0000
   5.7000E+01   5.8000E+01   9.9559E-03  0.0357   0.0000E+00  0.0000
   5.8000E+01   5.9000E+01   9.7911E-03  0.0360   0.0000E+00  0.0000
   5.9000E+01   6.0000E+01   8.8060E-03  0.0377   0.0000E+00  0.0000
   6.0000E+01   6.1000E+01   9.7133E-03  0.0357   0.0000E+00  0.0000
   6.1000E+01   6.2000E+01   9.4906E-03  0.0362   0.0000E+00  0.0000
   6.2000E+01   6.3000E+01   9.4585E-03  0.0362   0.0000E+00  0.0000
   6.3000E+01   6.4000E+01   9.3606E-03  0.0363   0.0000E+00  0.0000
   6.4000E+01   6.5000E+01   8.9573E-03  0.0371   0.0000E+00  0.0000
   6.5000E+01   6.6000E+01   8.6759E-03  0.0375   0.0000E+00  0.0000
   6.6000E+01   6.7000E+01   8.3980E-03  0.0382   0.0000E+00  0.0000
   6.7000E+01   6.8000E+01   8.6422E-03  0.0379   0.0000E+00  0.0000
   6.8000E+01   6.9000E+01   8.3986E-03  0.0382   0.0000E+00  0.0000
   6.9000E+01   7.0000E+01   8.8558E-03  0.0371   0.0000E+00  0.0000
   7.0000E+01   7.1000E+01   8.2912E-03  0.0384   0.0000E+00  0.0000
   7.1000E+01   7.2000E+01   8.0549E-03  0.0390   0.0000E+00  0.0000
   7.2000E+01   7.3000E+01   8.2101E-03  0.0384   0.0000E+00  0.0000
   7.3000E+01   7.4000E+01   7.6018E-03  0.0399   0.0000E+00  0.0000
   7.4000E+01   7.5000E+01   7.1821E-03  0.0411   0.0000E+00  0.0000
   7.5000E+01   7.6000E+01   7.3211E-03  0.0406   0.0000E+00  0.0000
   7.6000E+01   7.7000E+01   7.7755E-03  0.0393   0.0000E+00  0.0000
   7.7000E+01   7.8000E+01   7.8130E-03  0.0394   0.0000E+00  0.0000
   7.8000E+01   7.9000E+01   7.1301E-03  0.0411   0.0000E+00  0.0000
   7.9000E+01   8.0000E+01   6.8593E-03  0.0418   0.0000E+00  0.0000
   8.0000E+01   8.1000E+01   6.7795E-03  0.0423   0.0000E+00  0.0000
   8.1000E+01   8.2000E+01   6.8791E-03  0.0412   0.0000E+00  0.0000
   8.2000E+01   8.3000E+01   6.8649E-03  0.0419   0.0000E+00  0.0000
   8.3000E+01   8.4000E+01   6.1648E-03  0.0439   0.0000E+00  0.0000
   8.4000E+01   8.5000E+01   6.1154E-03  0.0440   0.0000E+00  0.0000
   8.5000E+01   8.6000E+01   6.9432E-03  0.0412   0.0000E+00  0.0000
   8.6000E+01   8.7000E+01   6.6449E-03  0.0419   0.0000E+00  0.0000
   8.7000E+01   8.8000E+01   6.5655E-03  0.0423   0.0000E+00  0.0000
   8.8000E+01   8.9000E+01   5.6700E-03  0.0450   0.0000E+00  0.0000
   8.9000E+01   9.0000E+01   5.8593E-03  0.0448   0.0000E+00  0.0000
   9.0000E+01   9.1000E+01   5.9002E-03  0.0444   0.0000E+00  0.0000
   9.1000E+01   9.2000E+01   5.9293E-03  0.0444   0.0000E+00  0.0000
   9.2000E+01   9.3000E+01   5.9148E-03  0.0443   0.0000E+00  0.0000
   9.3000E+01   9.4000E+01   6.1586E-03  0.0434   0.0000E+00  0.0000
   9.4000E+01   9.5000E+01   5.3175E-03  0.0466   0.0000E+00  0.0000
   9.5000E+01   9.6000E+01   6.3818E-03  0.0424   0.0000E+00  0.0000
   9.6000E+01   9.7000E+01   5.8014E-03  0.0447   0.0000E+00  0.0000
   9.7000E+01   9.8000E+01   5.1298E-03  0.0472   0.0000E+00  0.0000
   9.8000E+01   9.9000E+01   5.0596E-03  0.0474   0.0000E+00  0.0000
   9.9000E+01   1.0000E+02   5.3975E-03  0.0461   0.0000E+00  0.0000
   1.0000E+02   1.0100E+02   4.6743E-03  0.0496   0.0000E+00  0.0000
   1.0100E+02   1.0200E+02   4.1468E-03  0.0528   0.0000E+00  0.0000
   1.0200E+02   1.0300E+02   4.8735E-03  0.0484   0.0000E+00  0.0000
   1.0300E+02   1.0400E+02   4.6636E-03  0.0496   0.0000E+00  0.0000
   1.0400E+02   1.0500E+02   4.5073E-03  0.0504   0.0000E+00  0.0000
   1.0500E+02   1.0600E+02   4.1655E-03  0.0522   0.0000E+00  0.0000
   1.0600E+02   1.0700E+02   4.2031E-03  0.0523   0.0000E+00  0.0000
   1.0700E+02   1.0800E+02   4.5958E-03  0.0500   0.0000E+00  0.0000
   1.0800E+02   1.0900E+02   4.7748E-03  0.0486   0.0000E+00  0.0000
   1.0900E+02   1.1000E+02   4.0139E-03  0.0535   0.0000E+00  0.0000
   1.1000E+02   1.1100E+02   3.8877E-03  0.0539   0.0000E+00  0.0000
   1.1100E+02   1.1200E+02   3.9253E-03  0.0540   0.0000E+00  0.0000
   1.1200E+02   1.1300E+02   3.9495E-03  0.0534   0.0000E+00  0.0000
   1.1300E+02   1.1400E+02   4.0615E-03  0.0523   0.0000E+00  0.0000
   1.1400E+02   1.1500E+02   3.7962E-03  0.0550   0.0000E+00  0.0000
   1.1500E+02   1.1600E+02   3.5659E-03  0.0564   0.0000E+00  0.0000
   1.1600E+02   1.1700E+02   3.7695E-03  0.0548   0.0000E+00  0.0000
   1.1700E+02   1.1800E+02   3.5295E-03  0.0564   0.0000E+00  0.0000
   1.1800E+02   1.1900E+02   3.8403E-03  0.0539   0.0000E+00  0.0000
   1.1900E+02   1.2000E+02   3.5126E-03  0.0564   0.0000E+00  0.0000
   1.2000E+02   1.2100E+02   3.8839E-03  0.0537   0.0000E+00  0.0000
   1.2100E+02   1.2200E+02   3.6029E-03  0.0560   0.0000E+00  0.0000
   1.2200E+02   1.2300E+02   3.1404E-03  0.0596   0.0000E+00  0.0000
   1.2300E+02   1.2400E+02   3.1922E-03  0.0592   0.0000E+00  0.0000
   1.2400E+02   1.2500E+02   2.6905E-03  0.0649   0.0000E+00  0.0000
   1.2500E+02   1.2600E+02   2.9677E-03  0.0617   0.0000E+00  0.0000
   1.2600E+02   1.2700E+02   2.9597E-03  0.0618   0.0000E+00  0.0000
   1.2700E+02   1.2800E+02   2.8952E-03  0.0620   0.0000E+00  0.0000
   1.2800E+02   1.2900E+02   2.7875E-03  0.0636   0.0000E+00  0.0000
   1.2900E+02   1.3000E+02   2.5694E-03  0.0664   0.0000E+00  0.0000
   1.3000E+02   1.3100E+02   2.8567E-03  0.0625   0.0000E+00  0.0000
   1.3100E+02   1.3200E+02   2.6629E-03  0.0647   0.0000E+00  0.0000
   1.3200E+02   1.3300E+02   2.7641E-03  0.0638   0.0000E+00  0.0000
   1.3300E+02   1.3400E+02   2.7761E-03  0.0636   0.0000E+00  0.0000
   1.3400E+02   1.3500E+02   2.8059E-03  0.0632   0.0000E+00  0.0000
   1.3500E+02   1.3600E+02   2.6483E-03  0.0649   0.0000E+00  0.0000
   1.3600E+02   1.3700E+02   2.9315E-03  0.0617   0.0000E+00  0.0000
   1.3700E+02   1.3800E+02   2.5679E-03  0.0656   0.0000E+00  0.0000
   1.3800E+02   1.3900E+02   2.5596E-03  0.0662   0.0000E+00  0.0000
   1.3900E+02   1.4000E+02   2.0401E-03  0.0745   0.0000E+00  0.0000
   1.4000E+02   1.4100E+02   2.2614E-03  0.0700   0.0000E+00  0.0000
   1.4100E+02   1.4200E+02   2.2132E-03  0.0704   0.0000E+00  0.0000
   1.4200E+02   1.4300E+02   2.0055E-03  0.0740   0.0000E+00  0.0000
   1.4300E+02   1.4400E+02   2.4394E-03  0.0673   0.0000E+00  0.0000
   1.4400E+02   1.4500E+02   2.3153E-03  0.0690   0.0000E+00  0.0000
   1.4500E+02   1.4600E+02   2.0134E-03  0.0741   0.0000E+00  0.0000
   1.4600E+02   1.4700E+02   2.1054E-03  0.0723   0.0000E+00  0.0000
   1.4700E+02   1.4800E+02   1.9489E-03  0.0751   0.0000E+00  0.0000
   1.4800E+02   1.4900E+02   2.0559E-03  0.0736   0.0000E+00  0.0000
   1.4900E+02   1.5000E+02   2.0872E-03  0.0727   0.0000E+00  0.0000
   1.5000E+02   1.5100E+02   2.0594E-03  0.0733   0.0000E+00  0.0000
   1.5100E+02   1.5200E+02   1.8730E-03  0.0770   0.0000E+00  0.0000
   1.5200E+02   1.5300E+02   2.2249E-03  0.0703   0.0000E+00  0.0000
   1.5300E+02   1.5400E+02   2.1585E-03  0.0716   0.0000E+00  0.0000
   1.5400E+02   1.5500E+02   2.1286E-03  0.0719   0.0000E+00  0.0000
   1.5500E+02   1.5600E+02   2.3426E-03  0.0687   0.0000E+00  0.0000
   1.5600E+02   1.5700E+02   1.7986E-03  0.0782   0.0000E+00  0.0000
   1.5700E+02   1.5800E+02   1.4804E-03  0.0866   0.0000E+00  0.0000
   1.5800E+02   1.5900E+02   1.5765E-03  0.0838   0.0000E+00  0.0000
   1.5900E+02   1.6000E+02   1.7320E-03  0.0797   0.0000E+00  0.0000
   1.6000E+02   1.6100E+02   1.5242E-03  0.0849   0.0000E+00  0.0000
   1.6100E+02   1.6200E+02   1.4851E-03  0.0866   0.0000E+00  0.0000
   1.6200E+02   1.6300E+02   1.6588E-03  0.0820   0.0000E+00  0.0000
   1.6300E+02   1.6400E+02   1.4754E-03  0.0861   0.0000E+00  0.0000
   1.6400E+02   1.6500E+02   1.4282E-03  0.0875   0.0000E+00  0.0000
   1.6500E+02   1.6600E+02   1.7851E-03  0.0784   0.0000E+00  0.0000
   1.6600E+02   1.6700E+02   1.3782E-03  0.0892   0.0000E+00  0.0000
   1.6700E+02   1.6800E+02   1.5566E-03  0.0841   0.0000E+00  0.0000
   1.6800E+02   1.6900E+02   1.2378E-03  0.0937   0.0000E+00  0.0000
   1.6900E+02   1.7000E+02   1.2844E-03  0.0926   0.0000E+00  0.0000
   1.7000E+02   1.7100E+02   1.0793E-03  0.1006   0.0000E+00  0.0000
   1.7100E+02   1.7200E+02   1.3932E-03  0.0885   0.0000E+00  0.0000
   1.7200E+02   1.7300E+02   1.2289E-03  0.0946   0.0000E+00  0.0000
   1.7300E+02   1.7400E+02   1.3590E-03  0.0899   0.0000E+00  0.0000
   1.7400E+02   1.7500E+02   1.4127E-03  0.0878   0.0000E+00  0.0000
   1.7500E+02   1.7600E+02   1.1811E-03  0.0964   0.0000E+00  0.0000
   1.7600E+02   1.7700E+02   9.3748E-04  0.1079   0.0000E+00  0.0000
   1.7700E+02   1.7800E+02   1.2211E-03  0.0946   0.0000E+00  0.0000
   1.7800E+02   1.7900E+02   1.3634E-03  0.0895   0.0000E+00  0.0000
   1.7900E+02   1.8000E+02   1.1615E-03  0.0967   0.0000E+00  0.0000
   1.8000E+02   1.8100E+02   1.1027E-03  0.0990   0.0000E+00  0.0000
   1.8100E+02   1.8200E+02   1.0448E-03  0.1021   0.0000E+00  0.0000
   1.8200E+02   1.8300E+02   1.0754E-03  0.1005   0.0000E+00  0.0000
   1.8300E+02   1.8400E+02   1.1083E-03  0.0991   0.0000E+00  0.0000
   1.8400E+02   1.8500E+02   1.0475E-03  0.1015   0.0000E+00  0.0000
   1.8500E+02   1.8600E+02   1.2702E-03  0.0925   0.0000E+00  0.0000
   1.8600E+02   1.8700E+02   7.7240E-04  0.1183   0.0000E+00  0.0000
   1.8700E+02   1.8800E+02   1.0166E-03  0.1032   0.0000E+00  0.0000
   1.8800E+02   1.8900E+02   1.0205E-03  0.1032   0.0000E+00  0.0000
   1.8900E+02   1.9000E+02   7.6291E-04  0.1196   0.0000E+00  0.0000
   1.9000E+02   1.9100E+02   6.9404E-04  0.1250   0.0000E+00  0.0000
   1.9100E+02   1.9200E+02   5.5475E-04  0.1401   0.0000E+00  0.0000
   1.9200E+02   1.9300E+02   8.5920E-04  0.1126   0.0000E+00  0.0000
   1.9300E+02   1.9400E+02   6.7796E-04  0.1272   0.0000E+00  0.0000
   1.9400E+02   1.9500E+02   9.8643E-04  0.1049   0.0000E+00  0.0000
   1.9500E+02   1.9600E+02   8.0096E-04  0.1163   0.0000E+00  0.0000
   1.9600E+02   1.9700E+02   6.7102E-04  0.1270   0.0000E+00  0.0000
   1.9700E+02   1.9800E+02   5.2961E-04  0.1429   0.0000E+00  0.0000
   1.9800E+02   1.9900E+02   7.6168E-04  0.1196   0.0000E+00  0.0000
   1.9900E+02   2.0000E+02   8.2069E-04  0.1157   0.0000E+00  0.0000
   2.0000E+02   2.0100E+02   5.9964E-04  0.1350   0.0000E+00  0.0000
   2.0100E+02   2.0200E+02   6.8079E-04  0.1260   0.0000E+00  0.0000
   2.0200E+02   2.0300E+02   5.8314E-04  0.1361   0.0000E+00  0.0000
   2.0300E+02   2.0400E+02   5.4120E-04  0.1415   0.0000E+00  0.0000
   2.0400E+02   2.0500E+02   4.5698E-04  0.1544   0.0000E+00  0.0000
   2.0500E+02   2.0600E+02   5.5189E-04  0.1401   0.0000E+00  0.0000
   2.0600E+02   2.0700E+02   4.7967E-04  0.1508   0.0000E+00  0.0000
   2.0700E+02   2.0800E+02   5.0764E-04  0.1459   0.0000E+00  0.0000
   2.0800E+02   2.0900E+02   5.7585E-04  0.1374   0.0000E+00  0.0000
   2.0900E+02   2.1000E+02   4.0973E-04  0.1622   0.0000E+00  0.0000
   2.1000E+02   2.1100E+02   6.5862E-04  0.1281   0.0000E+00  0.0000
   2.1100E+02   2.1200E+02   7.0195E-04  0.1241   0.0000E+00  0.0000
   2.1200E+02   2.1300E+02   7.5756E-04  0.1195   0.0000E+00  0.0000
   2.1300E+02   2.1400E+02   7.3317E-04  0.1213   0.0000E+00  0.0000
   2.1400E+02   2.1500E+02   6.4696E-04  0.1291   0.0000E+00  0.0000
   2.1500E+02   2.1600E+02   3.2463E-04  0.1826   0.0000E+00  0.0000
   2.1600E+02   2.1700E+02   2.7012E-04  0.2000   0.0000E+00  0.0000
   2.1700E+02   2.1800E+02   3.7780E-04  0.1690   0.0000E+00  0.0000
   2.1800E+02   2.1900E+02   7.1271E-04  0.1231   0.0000E+00  0.0000
   2.1900E+02   2.2000E+02   7.2188E-04  0.1222   0.0000E+00  0.0000
   2.2000E+02   2.2100E+02   5.7200E-04  0.1374   0.0000E+00  0.0000
   2.2100E+02   2.2200E+02   3.8025E-04  0.1691   0.0000E+00  0.0000
   2.2200E+02   2.2300E+02   4.8517E-04  0.1491   0.0000E+00  0.0000
   2.2300E+02   2.2400E+02   4.8370E-04  0.1491   0.0000E+00  0.0000
   2.2400E+02   2.2500E+02   5.0740E-04  0.1459   0.0000E+00  0.0000
   2.2500E+02   2.2600E+02   3.5515E-04  0.1741   0.0000E+00  0.0000
   2.2600E+02   2.2700E+02   1.8511E-04  0.2427   0.0000E+00  0.0000
   2.2700E+02   2.2800E+02   1.6283E-04  0.2583   0.0000E+00  0.0000
   2.2800E+02   2.2900E+02   3.2343E-04  0.1826   0.0000E+00  0.0000
   2.2900E+02   2.3000E+02   3.8804E-04  0.1667   0.0000E+00  0.0000
   2.3000E+02   2.3100E+02   2.5333E-04  0.2050   0.0000E+00  0.0000
   2.3100E+02   2.3200E+02   2.0474E-04  0.2294   0.0000E+00  0.0000
   2.3200E+02   2.3300E+02   2.4793E-04  0.2085   0.0000E+00  0.0000
   2.3300E+02   2.3400E+02   2.4795E-04  0.2085   0.0000E+00  0.0000
   2.3400E+02   2.3500E+02   3.6811E-04  0.1716   0.0000E+00  0.0000
   2.3500E+02   2.3600E+02   3.5492E-04  0.1741   0.0000E+00  0.0000
   2.3600E+02   2.3700E+02   3.0129E-04  0.1890   0.0000E+00  0.0000
   2.3700E+02   2.3800E+02   2.3782E-04  0.2132   0.0000E+00  0.0000
   2.3800E+02   2.3900E+02   2.6901E-04  0.2000   0.0000E+00  0.0000
   2.3900E+02   2.4000E+02   3.8785E-04  0.1667   0.0000E+00  0.0000
   2.4000E+02   2.4100E+02   2.6985E-04  0.2000   0.0000E+00  0.0000
   2.4100E+02   2.4200E+02   2.0475E-04  0.2294   0.0000E+00  0.0000
   2.4200E+02   2.4300E+02   2.9083E-04  0.1925   0.0000E+00  0.0000
   2.4300E+02   2.4400E+02   3.7832E-04  0.1691   0.0000E+00  0.0000
   2.4400E+02   2.4500E+02   3.8736E-04  0.1667   0.0000E+00  0.0000
   2.4500E+02   2.4600E+02   2.4715E-04  0.2085   0.0000E+00  0.0000
   2.4600E+02   2.4700E+02   2.1565E-04  0.2236   0.0000E+00  0.0000
   2.4700E+02   2.4800E+02   2.3655E-04  0.2132   0.0000E+00  0.0000
   2.4800E+02   2.4900E+02   1.8273E-04  0.2425   0.0000E+00  0.0000
   2.4900E+02   2.5000E+02   0.0000E+00  0.0000   0.0000E+00  0.0000

#   sum over                 1.2983E-02           2.2018E-02

'no. =  1,  reg  =      4'
msuc: {\huge [t-track] in region mesh}
msdr: {\it plotted by \ANGEL \version}
msdl: {\it calculated by \PHITS  3.26}
wt: s(0.7)
\vspace{-3}
   vol  &=&   1.0000E+00 [cm^3]
e:
 
# Information for Restart Calculation
# This calculation was newly started
# istdev =  2 # 1:Batch variance, 2:History variance
# resc2  = 4.66000000000000000E+06 # Total source weight or Total source weight / maxcas
# resc3  = 4.66000000000000000E+06 # Total history number or Total batch number
# maxcas =       10000 # History / Batch, only used for istdev=1
# bitrseed = 1001100000011000100001100011101100011001100000011011010101001101 # bit data of rseed
