[ T-Track ]
    title = [t-track] in region mesh
     mesh =  reg            # mesh type is region-wise
      reg = 4
   e-type =    1            # e-mesh is given by the below data
       ne =    250          # number of e-mesh points
#    data = ( e(i), i = 1, ne + 1 )
            0.00000E+00  1.00000E+00  2.00000E+00  3.00000E+00  4.00000E+00
            5.00000E+00  6.00000E+00  7.00000E+00  8.00000E+00  9.00000E+00
            1.00000E+01  1.10000E+01  1.20000E+01  1.30000E+01  1.40000E+01
            1.50000E+01  1.60000E+01  1.70000E+01  1.80000E+01  1.90000E+01
            2.00000E+01  2.10000E+01  2.20000E+01  2.30000E+01  2.40000E+01
            2.50000E+01  2.60000E+01  2.70000E+01  2.80000E+01  2.90000E+01
            3.00000E+01  3.10000E+01  3.20000E+01  3.30000E+01  3.40000E+01
            3.50000E+01  3.60000E+01  3.70000E+01  3.80000E+01  3.90000E+01
            4.00000E+01  4.10000E+01  4.20000E+01  4.30000E+01  4.40000E+01
            4.50000E+01  4.60000E+01  4.70000E+01  4.80000E+01  4.90000E+01
            5.00000E+01  5.10000E+01  5.20000E+01  5.30000E+01  5.40000E+01
            5.50000E+01  5.60000E+01  5.70000E+01  5.80000E+01  5.90000E+01
            6.00000E+01  6.10000E+01  6.20000E+01  6.30000E+01  6.40000E+01
            6.50000E+01  6.60000E+01  6.70000E+01  6.80000E+01  6.90000E+01
            7.00000E+01  7.10000E+01  7.20000E+01  7.30000E+01  7.40000E+01
            7.50000E+01  7.60000E+01  7.70000E+01  7.80000E+01  7.90000E+01
            8.00000E+01  8.10000E+01  8.20000E+01  8.30000E+01  8.40000E+01
            8.50000E+01  8.60000E+01  8.70000E+01  8.80000E+01  8.90000E+01
            9.00000E+01  9.10000E+01  9.20000E+01  9.30000E+01  9.40000E+01
            9.50000E+01  9.60000E+01  9.70000E+01  9.80000E+01  9.90000E+01
            1.00000E+02  1.01000E+02  1.02000E+02  1.03000E+02  1.04000E+02
            1.05000E+02  1.06000E+02  1.07000E+02  1.08000E+02  1.09000E+02
            1.10000E+02  1.11000E+02  1.12000E+02  1.13000E+02  1.14000E+02
            1.15000E+02  1.16000E+02  1.17000E+02  1.18000E+02  1.19000E+02
            1.20000E+02  1.21000E+02  1.22000E+02  1.23000E+02  1.24000E+02
            1.25000E+02  1.26000E+02  1.27000E+02  1.28000E+02  1.29000E+02
            1.30000E+02  1.31000E+02  1.32000E+02  1.33000E+02  1.34000E+02
            1.35000E+02  1.36000E+02  1.37000E+02  1.38000E+02  1.39000E+02
            1.40000E+02  1.41000E+02  1.42000E+02  1.43000E+02  1.44000E+02
            1.45000E+02  1.46000E+02  1.47000E+02  1.48000E+02  1.49000E+02
            1.50000E+02  1.51000E+02  1.52000E+02  1.53000E+02  1.54000E+02
            1.55000E+02  1.56000E+02  1.57000E+02  1.58000E+02  1.59000E+02
            1.60000E+02  1.61000E+02  1.62000E+02  1.63000E+02  1.64000E+02
            1.65000E+02  1.66000E+02  1.67000E+02  1.68000E+02  1.69000E+02
            1.70000E+02  1.71000E+02  1.72000E+02  1.73000E+02  1.74000E+02
            1.75000E+02  1.76000E+02  1.77000E+02  1.78000E+02  1.79000E+02
            1.80000E+02  1.81000E+02  1.82000E+02  1.83000E+02  1.84000E+02
            1.85000E+02  1.86000E+02  1.87000E+02  1.88000E+02  1.89000E+02
            1.90000E+02  1.91000E+02  1.92000E+02  1.93000E+02  1.94000E+02
            1.95000E+02  1.96000E+02  1.97000E+02  1.98000E+02  1.99000E+02
            2.00000E+02  2.01000E+02  2.02000E+02  2.03000E+02  2.04000E+02
            2.05000E+02  2.06000E+02  2.07000E+02  2.08000E+02  2.09000E+02
            2.10000E+02  2.11000E+02  2.12000E+02  2.13000E+02  2.14000E+02
            2.15000E+02  2.16000E+02  2.17000E+02  2.18000E+02  2.19000E+02
            2.20000E+02  2.21000E+02  2.22000E+02  2.23000E+02  2.24000E+02
            2.25000E+02  2.26000E+02  2.27000E+02  2.28000E+02  2.29000E+02
            2.30000E+02  2.31000E+02  2.32000E+02  2.33000E+02  2.34000E+02
            2.35000E+02  2.36000E+02  2.37000E+02  2.38000E+02  2.39000E+02
            2.40000E+02  2.41000E+02  2.42000E+02  2.43000E+02  2.44000E+02
            2.45000E+02  2.46000E+02  2.47000E+02  2.48000E+02  2.49000E+02
            2.50000E+02
     unit =    2            # unit is [1/cm^2/(MeV/n)/source]
 material =  all            # (D=all) number of specific material
     axis =     eng            # axis of output
     file = neutral_particles_shield1_HE.out  # file name of output for the above axis
     part =  neutron    photon   
# kf/name :  2112       22       
#    used :        main (  %)        temp (  %)       total (  %)
#  memory :         257 (  0)           0 (  0)         257 (  0)

#------------------------------------------------------------------------------
#newpage:
#   no. =  1   reg =      4

x: Energy [MeV/n]
y: Flux [1/cm^2/(MeV/n)/source]      
p: xlin ylog afac(0.8) form(0.9)
h: n            x            y(neutron ),hh0l   n y(photon  ),hh0dr  n 
#  e-lower      e-upper      neutron     r.err    photon      r.err 
   0.0000E+00   1.0000E+00   7.1007E+00  0.0011   9.8335E-02  0.0110
   1.0000E+00   2.0000E+00   5.0187E-02  0.0134   2.0863E-02  0.0208
   2.0000E+00   3.0000E+00   1.0468E-02  0.0292   1.1916E-02  0.0267
   3.0000E+00   4.0000E+00   4.3627E-03  0.0444   7.7199E-03  0.0331
   4.0000E+00   5.0000E+00   2.6288E-03  0.0561   6.2495E-03  0.0361
   5.0000E+00   6.0000E+00   2.1448E-03  0.0628   5.0815E-03  0.0398
   6.0000E+00   7.0000E+00   1.5650E-03  0.0734   5.7349E-03  0.0373
   7.0000E+00   8.0000E+00   1.2391E-03  0.0825   1.4166E-02  0.0234
   8.0000E+00   9.0000E+00   1.2027E-03  0.0834   5.9597E-04  0.1145
   9.0000E+00   1.0000E+01   9.2024E-04  0.0906   1.3586E-03  0.0773
   1.0000E+01   1.1000E+01   8.3639E-04  0.0960   4.6482E-05  0.4292
   1.1000E+01   1.2000E+01   7.5442E-04  0.1004   1.6176E-05  0.7128
   1.2000E+01   1.3000E+01   9.3702E-04  0.0919   0.0000E+00  0.0000
   1.3000E+01   1.4000E+01   8.3294E-04  0.0945   0.0000E+00  0.0000
   1.4000E+01   1.5000E+01   7.5201E-04  0.1009   0.0000E+00  0.0000
   1.5000E+01   1.6000E+01   6.9078E-04  0.1098   0.0000E+00  0.0000
   1.6000E+01   1.7000E+01   7.7304E-04  0.1014   0.0000E+00  0.0000
   1.7000E+01   1.8000E+01   6.8512E-04  0.1063   0.0000E+00  0.0000
   1.8000E+01   1.9000E+01   7.3439E-04  0.1016   0.0000E+00  0.0000
   1.9000E+01   2.0000E+01   6.9778E-04  0.1055   0.0000E+00  0.0000
   2.0000E+01   2.1000E+01   6.7471E-04  0.1053   0.0000E+00  0.0000
   2.1000E+01   2.2000E+01   7.3452E-04  0.1035   0.0000E+00  0.0000
   2.2000E+01   2.3000E+01   6.9862E-04  0.1063   0.0000E+00  0.0000
   2.3000E+01   2.4000E+01   6.9116E-04  0.1055   0.0000E+00  0.0000
   2.4000E+01   2.5000E+01   5.9222E-04  0.1152   0.0000E+00  0.0000
   2.5000E+01   2.6000E+01   5.8173E-04  0.1140   0.0000E+00  0.0000
   2.6000E+01   2.7000E+01   6.1289E-04  0.1120   0.0000E+00  0.0000
   2.7000E+01   2.8000E+01   5.9903E-04  0.1110   0.0000E+00  0.0000
   2.8000E+01   2.9000E+01   6.3171E-04  0.1086   0.0000E+00  0.0000
   2.9000E+01   3.0000E+01   4.6806E-04  0.1232   0.0000E+00  0.0000
   3.0000E+01   3.1000E+01   4.3066E-04  0.1295   0.0000E+00  0.0000
   3.1000E+01   3.2000E+01   4.2229E-04  0.1323   0.0000E+00  0.0000
   3.2000E+01   3.3000E+01   5.0973E-04  0.1235   0.0000E+00  0.0000
   3.3000E+01   3.4000E+01   4.7878E-04  0.1242   0.0000E+00  0.0000
   3.4000E+01   3.5000E+01   5.1746E-04  0.1191   0.0000E+00  0.0000
   3.5000E+01   3.6000E+01   5.0208E-04  0.1237   0.0000E+00  0.0000
   3.6000E+01   3.7000E+01   4.6506E-04  0.1229   0.0000E+00  0.0000
   3.7000E+01   3.8000E+01   5.3402E-04  0.1146   0.0000E+00  0.0000
   3.8000E+01   3.9000E+01   4.3695E-04  0.1318   0.0000E+00  0.0000
   3.9000E+01   4.0000E+01   4.4087E-04  0.1247   0.0000E+00  0.0000
   4.0000E+01   4.1000E+01   5.0489E-04  0.1160   0.0000E+00  0.0000
   4.1000E+01   4.2000E+01   4.7553E-04  0.1254   0.0000E+00  0.0000
   4.2000E+01   4.3000E+01   4.5607E-04  0.1222   0.0000E+00  0.0000
   4.3000E+01   4.4000E+01   6.2390E-04  0.1081   0.0000E+00  0.0000
   4.4000E+01   4.5000E+01   4.5952E-04  0.1306   0.0000E+00  0.0000
   4.5000E+01   4.6000E+01   5.6197E-04  0.1159   0.0000E+00  0.0000
   4.6000E+01   4.7000E+01   4.2948E-04  0.1291   0.0000E+00  0.0000
   4.7000E+01   4.8000E+01   4.5358E-04  0.1266   0.0000E+00  0.0000
   4.8000E+01   4.9000E+01   4.3769E-04  0.1297   0.0000E+00  0.0000
   4.9000E+01   5.0000E+01   3.7055E-04  0.1407   0.0000E+00  0.0000
   5.0000E+01   5.1000E+01   5.1667E-04  0.1174   0.0000E+00  0.0000
   5.1000E+01   5.2000E+01   3.7847E-04  0.1366   0.0000E+00  0.0000
   5.2000E+01   5.3000E+01   4.2863E-04  0.1308   0.0000E+00  0.0000
   5.3000E+01   5.4000E+01   3.2673E-04  0.1464   0.0000E+00  0.0000
   5.4000E+01   5.5000E+01   4.2792E-04  0.1271   0.0000E+00  0.0000
   5.5000E+01   5.6000E+01   4.0593E-04  0.1279   0.0000E+00  0.0000
   5.6000E+01   5.7000E+01   2.9443E-04  0.1540   0.0000E+00  0.0000
   5.7000E+01   5.8000E+01   4.7956E-04  0.1221   0.0000E+00  0.0000
   5.8000E+01   5.9000E+01   4.2610E-04  0.1270   0.0000E+00  0.0000
   5.9000E+01   6.0000E+01   4.5961E-04  0.1207   0.0000E+00  0.0000
   6.0000E+01   6.1000E+01   6.3066E-04  0.1059   0.0000E+00  0.0000
   6.1000E+01   6.2000E+01   4.3524E-04  0.1203   0.0000E+00  0.0000
   6.2000E+01   6.3000E+01   3.7864E-04  0.1315   0.0000E+00  0.0000
   6.3000E+01   6.4000E+01   4.1144E-04  0.1299   0.0000E+00  0.0000
   6.4000E+01   6.5000E+01   4.3102E-04  0.1293   0.0000E+00  0.0000
   6.5000E+01   6.6000E+01   5.1242E-04  0.1138   0.0000E+00  0.0000
   6.6000E+01   6.7000E+01   4.4980E-04  0.1242   0.0000E+00  0.0000
   6.7000E+01   6.8000E+01   4.2468E-04  0.1256   0.0000E+00  0.0000
   6.8000E+01   6.9000E+01   5.2137E-04  0.1099   0.0000E+00  0.0000
   6.9000E+01   7.0000E+01   4.1741E-04  0.1266   0.0000E+00  0.0000
   7.0000E+01   7.1000E+01   4.8319E-04  0.1168   0.0000E+00  0.0000
   7.1000E+01   7.2000E+01   4.7017E-04  0.1171   0.0000E+00  0.0000
   7.2000E+01   7.3000E+01   5.0538E-04  0.1162   0.0000E+00  0.0000
   7.3000E+01   7.4000E+01   3.7777E-04  0.1322   0.0000E+00  0.0000
   7.4000E+01   7.5000E+01   4.3381E-04  0.1198   0.0000E+00  0.0000
   7.5000E+01   7.6000E+01   4.7643E-04  0.1158   0.0000E+00  0.0000
   7.6000E+01   7.7000E+01   3.2972E-04  0.1362   0.0000E+00  0.0000
   7.7000E+01   7.8000E+01   3.7367E-04  0.1287   0.0000E+00  0.0000
   7.8000E+01   7.9000E+01   4.2987E-04  0.1245   0.0000E+00  0.0000
   7.9000E+01   8.0000E+01   4.1704E-04  0.1245   0.0000E+00  0.0000
   8.0000E+01   8.1000E+01   5.1068E-04  0.1129   0.0000E+00  0.0000
   8.1000E+01   8.2000E+01   3.9826E-04  0.1252   0.0000E+00  0.0000
   8.2000E+01   8.3000E+01   4.1956E-04  0.1226   0.0000E+00  0.0000
   8.3000E+01   8.4000E+01   4.3240E-04  0.1215   0.0000E+00  0.0000
   8.4000E+01   8.5000E+01   3.4768E-04  0.1331   0.0000E+00  0.0000
   8.5000E+01   8.6000E+01   4.1620E-04  0.1198   0.0000E+00  0.0000
   8.6000E+01   8.7000E+01   4.5053E-04  0.1200   0.0000E+00  0.0000
   8.7000E+01   8.8000E+01   4.4872E-04  0.1189   0.0000E+00  0.0000
   8.8000E+01   8.9000E+01   3.5666E-04  0.1304   0.0000E+00  0.0000
   8.9000E+01   9.0000E+01   4.5360E-04  0.1169   0.0000E+00  0.0000
   9.0000E+01   9.1000E+01   4.4118E-04  0.1174   0.0000E+00  0.0000
   9.1000E+01   9.2000E+01   3.9706E-04  0.1239   0.0000E+00  0.0000
   9.2000E+01   9.3000E+01   4.0622E-04  0.1245   0.0000E+00  0.0000
   9.3000E+01   9.4000E+01   4.2449E-04  0.1211   0.0000E+00  0.0000
   9.4000E+01   9.5000E+01   3.3344E-04  0.1339   0.0000E+00  0.0000
   9.5000E+01   9.6000E+01   3.4181E-04  0.1361   0.0000E+00  0.0000
   9.6000E+01   9.7000E+01   4.1277E-04  0.1239   0.0000E+00  0.0000
   9.7000E+01   9.8000E+01   3.1305E-04  0.1385   0.0000E+00  0.0000
   9.8000E+01   9.9000E+01   3.9432E-04  0.1238   0.0000E+00  0.0000
   9.9000E+01   1.0000E+02   3.6479E-04  0.1279   0.0000E+00  0.0000
   1.0000E+02   1.0100E+02   4.1772E-04  0.1286   0.0000E+00  0.0000
   1.0100E+02   1.0200E+02   3.7301E-04  0.1288   0.0000E+00  0.0000
   1.0200E+02   1.0300E+02   2.7320E-04  0.1495   0.0000E+00  0.0000
   1.0300E+02   1.0400E+02   2.9603E-04  0.1418   0.0000E+00  0.0000
   1.0400E+02   1.0500E+02   3.4625E-04  0.1280   0.0000E+00  0.0000
   1.0500E+02   1.0600E+02   2.5408E-04  0.1545   0.0000E+00  0.0000
   1.0600E+02   1.0700E+02   2.8211E-04  0.1476   0.0000E+00  0.0000
   1.0700E+02   1.0800E+02   2.9478E-04  0.1411   0.0000E+00  0.0000
   1.0800E+02   1.0900E+02   4.0790E-04  0.1216   0.0000E+00  0.0000
   1.0900E+02   1.1000E+02   3.2813E-04  0.1348   0.0000E+00  0.0000
   1.1000E+02   1.1100E+02   2.8655E-04  0.1459   0.0000E+00  0.0000
   1.1100E+02   1.1200E+02   2.0857E-04  0.1652   0.0000E+00  0.0000
   1.1200E+02   1.1300E+02   3.4454E-04  0.1284   0.0000E+00  0.0000
   1.1300E+02   1.1400E+02   2.4237E-04  0.1531   0.0000E+00  0.0000
   1.1400E+02   1.1500E+02   3.4225E-04  0.1322   0.0000E+00  0.0000
   1.1500E+02   1.1600E+02   3.2165E-04  0.1348   0.0000E+00  0.0000
   1.1600E+02   1.1700E+02   3.0582E-04  0.1383   0.0000E+00  0.0000
   1.1700E+02   1.1800E+02   2.6623E-04  0.1493   0.0000E+00  0.0000
   1.1800E+02   1.1900E+02   2.9828E-04  0.1395   0.0000E+00  0.0000
   1.1900E+02   1.2000E+02   2.5333E-04  0.1498   0.0000E+00  0.0000
   1.2000E+02   1.2100E+02   2.6651E-04  0.1448   0.0000E+00  0.0000
   1.2100E+02   1.2200E+02   2.5845E-04  0.1503   0.0000E+00  0.0000
   1.2200E+02   1.2300E+02   2.1247E-04  0.1629   0.0000E+00  0.0000
   1.2300E+02   1.2400E+02   2.2398E-04  0.1593   0.0000E+00  0.0000
   1.2400E+02   1.2500E+02   2.1559E-04  0.1660   0.0000E+00  0.0000
   1.2500E+02   1.2600E+02   2.0242E-04  0.1708   0.0000E+00  0.0000
   1.2600E+02   1.2700E+02   2.7716E-04  0.1435   0.0000E+00  0.0000
   1.2700E+02   1.2800E+02   2.5106E-04  0.1535   0.0000E+00  0.0000
   1.2800E+02   1.2900E+02   2.6249E-04  0.1484   0.0000E+00  0.0000
   1.2900E+02   1.3000E+02   2.0553E-04  0.1678   0.0000E+00  0.0000
   1.3000E+02   1.3100E+02   2.1054E-04  0.1658   0.0000E+00  0.0000
   1.3100E+02   1.3200E+02   2.7794E-04  0.1432   0.0000E+00  0.0000
   1.3200E+02   1.3300E+02   2.8607E-04  0.1431   0.0000E+00  0.0000
   1.3300E+02   1.3400E+02   2.0399E-04  0.1648   0.0000E+00  0.0000
   1.3400E+02   1.3500E+02   1.8956E-04  0.1723   0.0000E+00  0.0000
   1.3500E+02   1.3600E+02   1.4783E-04  0.1926   0.0000E+00  0.0000
   1.3600E+02   1.3700E+02   1.8996E-04  0.1810   0.0000E+00  0.0000
   1.3700E+02   1.3800E+02   2.0222E-04  0.1647   0.0000E+00  0.0000
   1.3800E+02   1.3900E+02   1.3330E-04  0.2045   0.0000E+00  0.0000
   1.3900E+02   1.4000E+02   1.7209E-04  0.1843   0.0000E+00  0.0000
   1.4000E+02   1.4100E+02   1.5526E-04  0.1937   0.0000E+00  0.0000
   1.4100E+02   1.4200E+02   1.8806E-04  0.1747   0.0000E+00  0.0000
   1.4200E+02   1.4300E+02   1.6530E-04  0.1871   0.0000E+00  0.0000
   1.4300E+02   1.4400E+02   2.4432E-04  0.1494   0.0000E+00  0.0000
   1.4400E+02   1.4500E+02   1.7601E-04  0.1815   0.0000E+00  0.0000
   1.4500E+02   1.4600E+02   1.7530E-04  0.1844   0.0000E+00  0.0000
   1.4600E+02   1.4700E+02   1.4493E-04  0.1968   0.0000E+00  0.0000
   1.4700E+02   1.4800E+02   2.2969E-04  0.1599   0.0000E+00  0.0000
   1.4800E+02   1.4900E+02   1.2248E-04  0.2136   0.0000E+00  0.0000
   1.4900E+02   1.5000E+02   1.4087E-04  0.1964   0.0000E+00  0.0000
   1.5000E+02   1.5100E+02   1.4513E-04  0.1971   0.0000E+00  0.0000
   1.5100E+02   1.5200E+02   1.4765E-04  0.1975   0.0000E+00  0.0000
   1.5200E+02   1.5300E+02   1.2979E-04  0.2044   0.0000E+00  0.0000
   1.5300E+02   1.5400E+02   1.6285E-04  0.1831   0.0000E+00  0.0000
   1.5400E+02   1.5500E+02   1.0611E-04  0.2316   0.0000E+00  0.0000
   1.5500E+02   1.5600E+02   2.2027E-04  0.1584   0.0000E+00  0.0000
   1.5600E+02   1.5700E+02   1.1155E-04  0.2266   0.0000E+00  0.0000
   1.5700E+02   1.5800E+02   8.3952E-05  0.2589   0.0000E+00  0.0000
   1.5800E+02   1.5900E+02   8.6644E-05  0.2505   0.0000E+00  0.0000
   1.5900E+02   1.6000E+02   1.1531E-04  0.2194   0.0000E+00  0.0000
   1.6000E+02   1.6100E+02   6.0840E-05  0.2943   0.0000E+00  0.0000
   1.6100E+02   1.6200E+02   1.1524E-04  0.2303   0.0000E+00  0.0000
   1.6200E+02   1.6300E+02   1.0757E-04  0.2238   0.0000E+00  0.0000
   1.6300E+02   1.6400E+02   1.6111E-04  0.1830   0.0000E+00  0.0000
   1.6400E+02   1.6500E+02   1.2948E-04  0.2100   0.0000E+00  0.0000
   1.6500E+02   1.6600E+02   1.0726E-04  0.2240   0.0000E+00  0.0000
   1.6600E+02   1.6700E+02   1.2972E-04  0.2108   0.0000E+00  0.0000
   1.6700E+02   1.6800E+02   8.0993E-05  0.2584   0.0000E+00  0.0000
   1.6800E+02   1.6900E+02   1.1660E-04  0.2191   0.0000E+00  0.0000
   1.6900E+02   1.7000E+02   1.4535E-04  0.1926   0.0000E+00  0.0000
   1.7000E+02   1.7100E+02   1.0593E-04  0.2312   0.0000E+00  0.0000
   1.7100E+02   1.7200E+02   9.1157E-05  0.2426   0.0000E+00  0.0000
   1.7200E+02   1.7300E+02   1.0341E-04  0.2390   0.0000E+00  0.0000
   1.7300E+02   1.7400E+02   9.2402E-05  0.2440   0.0000E+00  0.0000
   1.7400E+02   1.7500E+02   7.0769E-05  0.2776   0.0000E+00  0.0000
   1.7500E+02   1.7600E+02   1.2031E-04  0.2143   0.0000E+00  0.0000
   1.7600E+02   1.7700E+02   7.7545E-05  0.2686   0.0000E+00  0.0000
   1.7700E+02   1.7800E+02   1.3805E-04  0.2010   0.0000E+00  0.0000
   1.7800E+02   1.7900E+02   8.1585E-05  0.2591   0.0000E+00  0.0000
   1.7900E+02   1.8000E+02   9.3627E-05  0.2430   0.0000E+00  0.0000
   1.8000E+02   1.8100E+02   1.0315E-04  0.2299   0.0000E+00  0.0000
   1.8100E+02   1.8200E+02   9.1090E-05  0.2427   0.0000E+00  0.0000
   1.8200E+02   1.8300E+02   5.4410E-05  0.3169   0.0000E+00  0.0000
   1.8300E+02   1.8400E+02   1.1610E-04  0.2132   0.0000E+00  0.0000
   1.8400E+02   1.8500E+02   9.5212E-05  0.2433   0.0000E+00  0.0000
   1.8500E+02   1.8600E+02   7.9187E-05  0.2583   0.0000E+00  0.0000
   1.8600E+02   1.8700E+02   1.0396E-04  0.2301   0.0000E+00  0.0000
   1.8700E+02   1.8800E+02   6.9988E-05  0.2776   0.0000E+00  0.0000
   1.8800E+02   1.8900E+02   5.8507E-05  0.3017   0.0000E+00  0.0000
   1.8900E+02   1.9000E+02   4.9711E-05  0.3342   0.0000E+00  0.0000
   1.9000E+02   1.9100E+02   6.5522E-05  0.2895   0.0000E+00  0.0000
   1.9100E+02   1.9200E+02   3.3000E-05  0.4090   0.0000E+00  0.0000
   1.9200E+02   1.9300E+02   4.7939E-05  0.3335   0.0000E+00  0.0000
   1.9300E+02   1.9400E+02   5.9334E-05  0.3019   0.0000E+00  0.0000
   1.9400E+02   1.9500E+02   6.5076E-05  0.2894   0.0000E+00  0.0000
   1.9500E+02   1.9600E+02   3.1528E-05  0.4083   0.0000E+00  0.0000
   1.9600E+02   1.9700E+02   8.5464E-05  0.2502   0.0000E+00  0.0000
   1.9700E+02   1.9800E+02   5.9817E-05  0.2963   0.0000E+00  0.0000
   1.9800E+02   1.9900E+02   5.5129E-05  0.3170   0.0000E+00  0.0000
   1.9900E+02   2.0000E+02   3.1986E-05  0.4085   0.0000E+00  0.0000
   2.0000E+02   2.0100E+02   6.5962E-05  0.2900   0.0000E+00  0.0000
   2.0100E+02   2.0200E+02   6.0181E-05  0.3023   0.0000E+00  0.0000
   2.0200E+02   2.0300E+02   3.9332E-05  0.3806   0.0000E+00  0.0000
   2.0300E+02   2.0400E+02   3.7636E-05  0.3785   0.0000E+00  0.0000
   2.0400E+02   2.0500E+02   4.8329E-05  0.3336   0.0000E+00  0.0000
   2.0500E+02   2.0600E+02   6.8235E-05  0.2774   0.0000E+00  0.0000
   2.0600E+02   2.0700E+02   7.3449E-05  0.2673   0.0000E+00  0.0000
   2.0700E+02   2.0800E+02   1.0719E-05  0.7071   0.0000E+00  0.0000
   2.0800E+02   2.0900E+02   4.2535E-05  0.3536   0.0000E+00  0.0000
   2.0900E+02   2.1000E+02   1.1076E-05  0.7073   0.0000E+00  0.0000
   2.1000E+02   2.1100E+02   5.2657E-05  0.3163   0.0000E+00  0.0000
   2.1100E+02   2.1200E+02   3.6592E-05  0.3780   0.0000E+00  0.0000
   2.1200E+02   2.1300E+02   4.3388E-05  0.3539   0.0000E+00  0.0000
   2.1300E+02   2.1400E+02   4.8997E-05  0.3347   0.0000E+00  0.0000
   2.1400E+02   2.1500E+02   5.3315E-05  0.3164   0.0000E+00  0.0000
   2.1500E+02   2.1600E+02   3.6505E-05  0.3780   0.0000E+00  0.0000
   2.1600E+02   2.1700E+02   1.6144E-05  0.5775   0.0000E+00  0.0000
   2.1700E+02   2.1800E+02   4.1589E-05  0.3542   0.0000E+00  0.0000
   2.1800E+02   2.1900E+02   5.2217E-05  0.3162   0.0000E+00  0.0000
   2.1900E+02   2.2000E+02   3.7068E-05  0.3782   0.0000E+00  0.0000
   2.2000E+02   2.2100E+02   3.7075E-05  0.3781   0.0000E+00  0.0000
   2.2100E+02   2.2200E+02   3.6727E-05  0.3780   0.0000E+00  0.0000
   2.2200E+02   2.2300E+02   1.5876E-05  0.5774   0.0000E+00  0.0000
   2.2300E+02   2.2400E+02   4.2026E-05  0.3536   0.0000E+00  0.0000
   2.2400E+02   2.2500E+02   3.6527E-05  0.3780   0.0000E+00  0.0000
   2.2500E+02   2.2600E+02   2.6348E-05  0.4473   0.0000E+00  0.0000
   2.2600E+02   2.2700E+02   2.6193E-05  0.4473   0.0000E+00  0.0000
   2.2700E+02   2.2800E+02   5.5877E-06  1.0000   0.0000E+00  0.0000
   2.2800E+02   2.2900E+02   3.1997E-05  0.4083   0.0000E+00  0.0000
   2.2900E+02   2.3000E+02   2.4350E-05  0.5152   0.0000E+00  0.0000
   2.3000E+02   2.3100E+02   3.7036E-05  0.3780   0.0000E+00  0.0000
   2.3100E+02   2.3200E+02   2.8227E-05  0.4496   0.0000E+00  0.0000
   2.3200E+02   2.3300E+02   5.1964E-06  1.0000   0.0000E+00  0.0000
   2.3300E+02   2.3400E+02   2.6279E-05  0.4473   0.0000E+00  0.0000
   2.3400E+02   2.3500E+02   1.0446E-05  0.7071   0.0000E+00  0.0000
   2.3500E+02   2.3600E+02   1.0487E-05  0.7071   0.0000E+00  0.0000
   2.3600E+02   2.3700E+02   1.1135E-05  0.7079   0.0000E+00  0.0000
   2.3700E+02   2.3800E+02   1.5904E-05  0.5774   0.0000E+00  0.0000
   2.3800E+02   2.3900E+02   2.1818E-05  0.5007   0.0000E+00  0.0000
   2.3900E+02   2.4000E+02   1.0536E-05  0.7071   0.0000E+00  0.0000
   2.4000E+02   2.4100E+02   5.2031E-06  1.0000   0.0000E+00  0.0000
   2.4100E+02   2.4200E+02   2.0784E-05  0.5000   0.0000E+00  0.0000
   2.4200E+02   2.4300E+02   1.5567E-05  0.5774   0.0000E+00  0.0000
   2.4300E+02   2.4400E+02   1.5675E-05  0.5774   0.0000E+00  0.0000
   2.4400E+02   2.4500E+02   3.1471E-05  0.4083   0.0000E+00  0.0000
   2.4500E+02   2.4600E+02   2.0898E-05  0.5000   0.0000E+00  0.0000
   2.4600E+02   2.4700E+02   5.3448E-06  1.0000   0.0000E+00  0.0000
   2.4700E+02   2.4800E+02   1.5768E-05  0.5775   0.0000E+00  0.0000
   2.4800E+02   2.4900E+02   1.5797E-05  0.5774   0.0000E+00  0.0000
   2.4900E+02   2.5000E+02   0.0000E+00  0.0000   0.0000E+00  0.0000

#   sum over                 2.8954E-02           6.8833E-04

'no. =  1,  reg  =      4'
msuc: {\huge [t-track] in region mesh}
msdr: {\it plotted by \ANGEL \version}
msdl: {\it calculated by \PHITS  3.26}
wt: s(0.7)
\vspace{-3}
   vol  &=&   1.0000E+00 [cm^3]
e:
 
# Information for Restart Calculation
# This calculation was newly started
# istdev =  2 # 1:Batch variance, 2:History variance
# resc2  = 9.65000000000000000E+06 # Total source weight or Total source weight / maxcas
# resc3  = 9.65000000000000000E+06 # Total history number or Total batch number
# maxcas =       10000 # History / Batch, only used for istdev=1
# bitrseed = 1000101000100011001111010101011111000000010000001101001000011100 # bit data of rseed
