0.000000000000000000e+00	6.251999999999999745e-03
1.000000000000000000e+00	5.864900000000000148e-03
2.000000000000000000e+00	4.313400000000000220e-03
3.000000000000000000e+00	3.327200000000000209e-03
4.000000000000000000e+00	2.740199999999999927e-03
5.000000000000000000e+00	2.426699999999999951e-03
6.000000000000000000e+00	2.196399999999999828e-03
7.000000000000000000e+00	2.145999999999999904e-03
8.000000000000000000e+00	2.058299999999999887e-03
9.000000000000000000e+00	1.990200000000000129e-03
1.000000000000000000e+01	1.938000000000000052e-03
1.100000000000000000e+01	1.954700000000000187e-03
1.200000000000000000e+01	1.885500000000000023e-03
1.300000000000000000e+01	1.875300000000000101e-03
1.400000000000000000e+01	1.858899999999999919e-03
1.500000000000000000e+01	1.859900000000000051e-03
1.600000000000000000e+01	1.849500000000000016e-03
1.700000000000000000e+01	1.821399999999999929e-03
1.800000000000000000e+01	1.853400000000000056e-03
1.900000000000000000e+01	1.802299999999999952e-03
2.000000000000000000e+01	1.846999999999999901e-03
2.100000000000000000e+01	1.834099999999999966e-03
2.200000000000000000e+01	1.838199999999999903e-03
2.300000000000000000e+01	1.869299999999999955e-03
2.400000000000000000e+01	1.856599999999999917e-03
2.500000000000000000e+01	1.832300000000000031e-03
2.600000000000000000e+01	1.861900000000000100e-03
2.700000000000000000e+01	1.845000000000000069e-03
2.800000000000000000e+01	1.894999999999999983e-03
2.900000000000000000e+01	1.890600000000000093e-03
3.000000000000000000e+01	1.848699999999999996e-03
3.100000000000000000e+01	1.920499999999999898e-03
3.200000000000000000e+01	1.863499999999999922e-03
3.300000000000000000e+01	1.953400000000000102e-03
3.400000000000000000e+01	1.937899999999999996e-03
3.500000000000000000e+01	1.943199999999999962e-03
3.600000000000000000e+01	1.984300000000000039e-03
3.700000000000000000e+01	1.983599999999999860e-03
3.800000000000000000e+01	1.961800000000000089e-03
3.900000000000000000e+01	2.030300000000000073e-03
4.000000000000000000e+01	2.021400000000000020e-03
4.100000000000000000e+01	2.035400000000000143e-03
4.200000000000000000e+01	2.061200000000000011e-03
4.300000000000000000e+01	2.074499999999999955e-03
4.400000000000000000e+01	2.029599999999999894e-03
4.500000000000000000e+01	2.061299999999999851e-03
4.600000000000000000e+01	2.099499999999999804e-03
4.700000000000000000e+01	2.085800000000000067e-03
4.800000000000000000e+01	2.128500000000000184e-03
4.900000000000000000e+01	2.174699999999999897e-03
5.000000000000000000e+01	2.139100000000000116e-03
5.100000000000000000e+01	2.168699999999999968e-03
5.200000000000000000e+01	2.174999999999999850e-03
5.300000000000000000e+01	2.240300000000000191e-03
5.400000000000000000e+01	2.214900000000000115e-03
5.500000000000000000e+01	2.197900000000000027e-03
5.600000000000000000e+01	2.225800000000000001e-03
5.700000000000000000e+01	2.255000000000000060e-03
5.800000000000000000e+01	2.253900000000000087e-03
5.900000000000000000e+01	2.297899999999999856e-03
6.000000000000000000e+01	2.311600000000000026e-03
6.100000000000000000e+01	2.250300000000000217e-03
6.200000000000000000e+01	2.280100000000000182e-03
6.300000000000000000e+01	2.374100000000000082e-03
6.400000000000000000e+01	2.338999999999999933e-03
6.500000000000000000e+01	2.347899999999999987e-03
6.600000000000000000e+01	2.381400000000000097e-03
6.700000000000000000e+01	2.346599999999999901e-03
6.800000000000000000e+01	2.359500000000000052e-03
6.900000000000000000e+01	2.369500000000000078e-03
7.000000000000000000e+01	2.391499999999999963e-03
7.100000000000000000e+01	2.405099999999999860e-03
7.200000000000000000e+01	2.385500000000000034e-03
7.300000000000000000e+01	2.435399999999999891e-03
7.400000000000000000e+01	2.419900000000000002e-03
7.500000000000000000e+01	2.482299999999999784e-03
7.600000000000000000e+01	2.430600000000000208e-03
7.700000000000000000e+01	2.370500000000000211e-03
7.800000000000000000e+01	2.413400000000000007e-03
7.900000000000000000e+01	2.460700000000000127e-03
8.000000000000000000e+01	2.417900000000000171e-03
8.100000000000000000e+01	2.424400000000000166e-03
8.200000000000000000e+01	2.445800000000000144e-03
8.300000000000000000e+01	2.458899999999999975e-03
8.400000000000000000e+01	2.434799999999999985e-03
8.500000000000000000e+01	2.450100000000000194e-03
8.600000000000000000e+01	2.426000000000000205e-03
8.700000000000000000e+01	2.448800000000000109e-03
8.800000000000000000e+01	2.529500000000000064e-03
8.900000000000000000e+01	2.446799999999999843e-03
9.000000000000000000e+01	2.435300000000000051e-03
9.100000000000000000e+01	2.383899999999999995e-03
9.200000000000000000e+01	2.462499999999999845e-03
9.300000000000000000e+01	2.475600000000000109e-03
9.400000000000000000e+01	2.424200000000000053e-03
9.500000000000000000e+01	2.401499999999999989e-03
9.600000000000000000e+01	2.387199999999999912e-03
9.700000000000000000e+01	2.431099999999999841e-03
9.800000000000000000e+01	2.378900000000000198e-03
9.900000000000000000e+01	2.367699999999999926e-03
1.000000000000000000e+02	2.410499999999999882e-03
1.010000000000000000e+02	2.377399999999999999e-03
1.020000000000000000e+02	2.352899999999999783e-03
1.030000000000000000e+02	2.378400000000000132e-03
1.040000000000000000e+02	2.327000000000000075e-03
1.050000000000000000e+02	2.288300000000000056e-03
1.060000000000000000e+02	2.326899999999999802e-03
1.070000000000000000e+02	2.295900000000000024e-03
1.080000000000000000e+02	2.246100000000000006e-03
1.090000000000000000e+02	2.288300000000000056e-03
1.100000000000000000e+02	2.267700000000000098e-03
1.110000000000000000e+02	2.209299999999999979e-03
1.120000000000000000e+02	2.209200000000000139e-03
1.130000000000000000e+02	2.206300000000000015e-03
1.140000000000000000e+02	2.143899999999999799e-03
1.150000000000000000e+02	2.165400000000000050e-03
1.160000000000000000e+02	2.106699999999999979e-03
1.170000000000000000e+02	2.099399999999999964e-03
1.180000000000000000e+02	2.080100000000000091e-03
1.190000000000000000e+02	2.048599999999999813e-03
1.200000000000000000e+02	2.030899999999999980e-03
1.210000000000000000e+02	2.012499999999999966e-03
1.220000000000000000e+02	1.980800000000000009e-03
1.230000000000000000e+02	2.003800000000000026e-03
1.240000000000000000e+02	1.932399999999999916e-03
1.250000000000000000e+02	1.932700000000000086e-03
1.260000000000000000e+02	1.840800000000000075e-03
1.270000000000000000e+02	1.914499999999999969e-03
1.280000000000000000e+02	1.858300000000000013e-03
1.290000000000000000e+02	1.782399999999999957e-03
1.300000000000000000e+02	1.773199999999999950e-03
1.310000000000000000e+02	1.748399999999999998e-03
1.320000000000000000e+02	1.745000000000000023e-03
1.330000000000000000e+02	1.672700000000000055e-03
1.340000000000000000e+02	1.642900000000000089e-03
1.350000000000000000e+02	1.603199999999999938e-03
1.360000000000000000e+02	1.590100000000000107e-03
1.370000000000000000e+02	1.546400000000000075e-03
1.380000000000000000e+02	1.532099999999999998e-03
1.390000000000000000e+02	1.526999999999999929e-03
1.400000000000000000e+02	1.457100000000000018e-03
1.410000000000000000e+02	1.408900000000000039e-03
1.420000000000000000e+02	1.426900000000000043e-03
1.430000000000000000e+02	1.353500000000000102e-03
1.440000000000000000e+02	1.351900000000000063e-03
1.450000000000000000e+02	1.300799999999999960e-03
1.460000000000000000e+02	1.300600000000000063e-03
1.470000000000000000e+02	1.254300000000000076e-03
1.480000000000000000e+02	1.232500000000000089e-03
1.490000000000000000e+02	1.167300000000000022e-03
1.500000000000000000e+02	1.107899999999999987e-03
1.510000000000000000e+02	1.098000000000000018e-03
1.520000000000000000e+02	1.052100000000000040e-03
1.530000000000000000e+02	1.049400000000000029e-03
1.540000000000000000e+02	1.030399999999999892e-03
1.550000000000000000e+02	1.002999999999999985e-03
1.560000000000000000e+02	1.001300000000000107e-03
1.570000000000000000e+02	9.540399999999999662e-04
1.580000000000000000e+02	9.234199999999999917e-04
1.590000000000000000e+02	9.179400000000000103e-04
1.600000000000000000e+02	8.458800000000000260e-04
1.610000000000000000e+02	8.419299999999999571e-04
1.620000000000000000e+02	8.122099999999999502e-04
1.630000000000000000e+02	7.983099999999999918e-04
1.640000000000000000e+02	7.726200000000000125e-04
1.650000000000000000e+02	7.472800000000000145e-04
1.660000000000000000e+02	6.908800000000000531e-04
1.670000000000000000e+02	6.908599999999999550e-04
1.680000000000000000e+02	6.601800000000000116e-04
1.690000000000000000e+02	6.403099999999999460e-04
1.700000000000000000e+02	6.291499999999999784e-04
1.710000000000000000e+02	5.884399999999999700e-04
1.720000000000000000e+02	5.712700000000000243e-04
1.730000000000000000e+02	5.549799999999999482e-04
1.740000000000000000e+02	5.283300000000000322e-04
1.750000000000000000e+02	5.310300000000000437e-04
1.760000000000000000e+02	4.994900000000000034e-04
1.770000000000000000e+02	5.011899999999999905e-04
1.780000000000000000e+02	4.596399999999999835e-04
1.790000000000000000e+02	4.509100000000000044e-04
1.800000000000000000e+02	4.421599999999999814e-04
1.810000000000000000e+02	4.160699999999999924e-04
1.820000000000000000e+02	3.817299999999999925e-04
1.830000000000000000e+02	3.756200000000000120e-04
1.840000000000000000e+02	3.669100000000000226e-04
1.850000000000000000e+02	3.576799999999999771e-04
1.860000000000000000e+02	3.542500000000000184e-04
1.870000000000000000e+02	3.304399999999999872e-04
1.880000000000000000e+02	3.221300000000000075e-04
1.890000000000000000e+02	3.141099999999999860e-04
1.900000000000000000e+02	2.944199999999999899e-04
1.910000000000000000e+02	2.757799999999999922e-04
1.920000000000000000e+02	2.946499999999999792e-04
1.930000000000000000e+02	2.620699999999999896e-04
1.940000000000000000e+02	2.691699999999999995e-04
1.950000000000000000e+02	2.458200000000000012e-04
1.960000000000000000e+02	2.490999999999999833e-04
1.970000000000000000e+02	2.308900000000000069e-04
1.980000000000000000e+02	2.150300000000000063e-04
1.990000000000000000e+02	2.132400000000000116e-04
2.000000000000000000e+02	1.922100000000000045e-04
2.010000000000000000e+02	1.875900000000000115e-04
2.020000000000000000e+02	1.866199999999999988e-04
2.030000000000000000e+02	1.936899999999999972e-04
2.040000000000000000e+02	1.837200000000000096e-04
2.050000000000000000e+02	1.638599999999999931e-04
2.060000000000000000e+02	1.467899999999999956e-04
2.070000000000000000e+02	1.616400000000000042e-04
2.080000000000000000e+02	1.501300000000000009e-04
2.090000000000000000e+02	1.532899999999999909e-04
2.100000000000000000e+02	1.441699999999999969e-04
2.110000000000000000e+02	1.277600000000000101e-04
2.120000000000000000e+02	1.287999999999999865e-04
2.130000000000000000e+02	1.184199999999999945e-04
2.140000000000000000e+02	1.194000000000000020e-04
2.150000000000000000e+02	1.184000000000000048e-04
2.160000000000000000e+02	1.045699999999999966e-04
2.170000000000000000e+02	1.160799999999999999e-04
2.180000000000000000e+02	1.082099999999999956e-04
2.190000000000000000e+02	1.012100000000000017e-04
2.200000000000000000e+02	9.866500000000000487e-05
2.210000000000000000e+02	9.363699999999999812e-05
2.220000000000000000e+02	8.441399999999999511e-05
2.230000000000000000e+02	8.273800000000000642e-05
2.240000000000000000e+02	8.255700000000000256e-05
2.250000000000000000e+02	7.483200000000000452e-05
2.260000000000000000e+02	7.407299999999999367e-05
2.270000000000000000e+02	6.828399999999999878e-05
2.280000000000000000e+02	6.338799999999999686e-05
2.290000000000000000e+02	6.237899999999999348e-05
2.300000000000000000e+02	6.429200000000000041e-05
2.310000000000000000e+02	6.102199999999999953e-05
2.320000000000000000e+02	5.883299999999999728e-05
2.330000000000000000e+02	5.284600000000000191e-05
2.340000000000000000e+02	5.559199999999999900e-05
2.350000000000000000e+02	5.301499999999999979e-05
2.360000000000000000e+02	5.305300000000000180e-05
2.370000000000000000e+02	5.190199999999999875e-05
2.380000000000000000e+02	4.846400000000000219e-05
2.390000000000000000e+02	4.213999999999999972e-05
2.400000000000000000e+02	4.202100000000000307e-05
2.410000000000000000e+02	4.534500000000000038e-05
2.420000000000000000e+02	3.680000000000000003e-05
2.430000000000000000e+02	3.871700000000000217e-05
2.440000000000000000e+02	3.373099999999999943e-05
2.450000000000000000e+02	3.952900000000000050e-05
2.460000000000000000e+02	3.238899999999999771e-05
2.470000000000000000e+02	3.371600000000000042e-05
2.480000000000000000e+02	3.372999999999999723e-05
2.490000000000000000e+02	3.354100000000000294e-05
