# Detector n:            1   Neut1     
 # N. of energy intervals         251
   0.000000      9.9601597E-04   18.85317       1.050586    
  9.9601597E-04  1.9920319E-03  0.8115967      0.5901167    
  1.9920319E-03  2.9880479E-03  0.3801737      0.8947827    
  2.9880479E-03  3.9840639E-03  9.0259589E-02   1.552929    
  3.9840639E-03  4.9800798E-03  4.7552142E-02   3.355961    
  4.9800798E-03  5.9760958E-03  2.8572232E-02   2.719520    
  5.9760958E-03  6.9721118E-03  1.6378868E-02   3.890902    
  6.9721118E-03  7.9681277E-03  1.1249723E-02   4.721437    
  7.9681277E-03  8.9641437E-03  1.0633965E-02   5.975545    
  8.9641437E-03  9.9601597E-03  7.4079181E-03   5.153117    
  9.9601597E-03  1.0956176E-02  5.9571434E-03   5.919882    
  1.0956176E-02  1.1952192E-02  4.0759924E-03   7.747441    
  1.1952192E-02  1.2948208E-02  3.8526442E-03   7.200754    
  1.2948208E-02  1.3944224E-02  3.5172419E-03   7.908106    
  1.3944224E-02  1.4940239E-02  3.4777473E-03   8.788198    
  1.4940239E-02  1.5936255E-02  2.4932176E-03   9.369842    
  1.5936255E-02  1.6932271E-02  2.5562404E-03   10.62288    
  1.6932271E-02  1.7928287E-02  2.0860846E-03   10.48714    
  1.7928287E-02  1.8924303E-02  1.7366704E-03   12.19647    
  1.8924303E-02  1.9920319E-02  1.9808612E-03   10.37527    
  1.9920319E-02  2.0916335E-02  1.7660364E-03   10.76375    
  2.0916335E-02  2.1912351E-02  2.1385059E-03   11.56177    
  2.1912351E-02  2.2908367E-02  1.6947719E-03   12.03606    
  2.2908367E-02  2.3904383E-02  1.4817403E-03   11.74669    
  2.3904383E-02  2.4900399E-02  1.5227533E-03   13.70831    
  2.4900399E-02  2.5896415E-02  1.7054668E-03   11.48105    
  2.5896415E-02  2.6892431E-02  1.4608982E-03   12.18855    
  2.6892431E-02  2.7888447E-02  1.3502378E-03   12.58864    
  2.7888447E-02  2.8884463E-02  9.9986640E-04   14.83908    
  2.8884463E-02  2.9880479E-02  1.4488426E-03   12.96476    
  2.9880479E-02  3.0876495E-02  1.4303558E-03   13.10354    
  3.0876495E-02  3.1872511E-02  1.6637734E-03   12.03542    
  3.1872511E-02  3.2868527E-02  1.1868106E-03   13.88352    
  3.2868527E-02  3.3864543E-02  1.1544157E-03   14.27116    
  3.3864543E-02  3.4860559E-02  1.4006520E-03   12.68535    
  3.4860559E-02  3.5856575E-02  1.3070431E-03   13.62835    
  3.5856575E-02  3.6852591E-02  1.5839973E-03   11.72031    
  3.6852591E-02  3.7848607E-02  1.0839971E-03   15.33305    
  3.7848607E-02  3.8844623E-02  1.2176485E-03   12.92755    
  3.8844623E-02  3.9840639E-02  1.2554821E-03   13.49173    
  3.9840639E-02  4.0836655E-02  1.4160029E-03   13.06821    
  4.0836655E-02  4.1832671E-02  1.2520885E-03   14.87652    
  4.1832671E-02  4.2828687E-02  1.2313480E-03   12.27588    
  4.2828687E-02  4.3824703E-02  1.1008104E-03   14.58302    
  4.3824703E-02  4.4820718E-02  1.3686495E-03   13.69961    
  4.4820718E-02  4.5816734E-02  1.4703471E-03   12.94203    
  4.5816734E-02  4.6812750E-02  1.2333585E-03   13.91726    
  4.6812750E-02  4.7808766E-02  1.2337853E-03   13.85525    
  4.7808766E-02  4.8804782E-02  1.3674267E-03   12.19668    
  4.8804782E-02  4.9800798E-02  1.2483716E-03   14.23863    
  4.9800798E-02  5.0796814E-02  1.6652615E-03   12.15023    
  5.0796814E-02  5.1792830E-02  1.5776417E-03   11.54890    
  5.1792830E-02  5.2788846E-02  1.3617293E-03   12.04186    
  5.2788846E-02  5.3784862E-02  1.1864180E-03   13.31171    
  5.3784862E-02  5.4780878E-02  1.4860627E-03   12.07289    
  5.4780878E-02  5.5776894E-02  2.2351160E-03   29.75865    
  5.5776894E-02  5.6772910E-02  1.5106816E-03   13.64353    
  5.6772910E-02  5.7768926E-02  1.6188987E-03   12.72379    
  5.7768926E-02  5.8764942E-02  1.1100346E-03   14.80710    
  5.8764942E-02  5.9760958E-02  1.7505703E-03   11.83774    
  5.9760958E-02  6.0756974E-02  1.5430148E-03   11.95824    
  6.0756974E-02  6.1752990E-02  1.6850726E-03   12.98578    
  6.1752990E-02  6.2749006E-02  2.6849792E-03   51.10139    
  6.2749006E-02  6.3745022E-02  1.3275285E-03   13.53694    
  6.3745022E-02  6.4741038E-02  1.3211895E-03   14.74153    
  6.4741038E-02  6.5737054E-02  1.3329452E-03   13.14136    
  6.5737054E-02  6.6733070E-02  1.3317936E-03   12.65100    
  6.6733070E-02  6.7729086E-02  1.5005503E-03   12.44984    
  6.7729086E-02  6.8725102E-02  1.7479114E-03   11.59344    
  6.8725102E-02  6.9721118E-02  1.3650735E-03   12.99196    
  6.9721118E-02  7.0717134E-02  1.5616721E-03   11.03887    
  7.0717134E-02  7.1713150E-02  1.1640284E-03   13.93993    
  7.1713150E-02  7.2709166E-02  1.2223660E-03   13.96388    
  7.2709166E-02  7.3705181E-02  1.3821218E-03   12.51350    
  7.3705181E-02  7.4701197E-02  1.4873331E-03   13.88138    
  7.4701197E-02  7.5697213E-02  1.4557235E-03   13.02787    
  7.5697213E-02  7.6693229E-02  1.2473745E-03   12.65899    
  7.6693229E-02  7.7689245E-02  1.3950419E-03   13.34613    
  7.7689245E-02  7.8685261E-02  1.7158731E-03   13.48834    
  7.8685261E-02  7.9681277E-02  1.1022682E-03   14.60580    
  7.9681277E-02  8.0677293E-02  1.3505183E-03   14.37298    
  8.0677293E-02  8.1673309E-02  1.4701708E-03   12.46155    
  8.1673309E-02  8.2669325E-02  1.2372476E-03   13.06202    
  8.2669325E-02  8.3665341E-02  1.0798820E-03   14.12064    
  8.3665341E-02  8.4661357E-02  1.1847157E-03   12.76686    
  8.4661357E-02  8.5657373E-02  1.3467268E-03   13.07981    
  8.5657373E-02  8.6653389E-02  1.2621150E-03   13.40611    
  8.6653389E-02  8.7649405E-02  1.4968561E-03   13.24864    
  8.7649405E-02  8.8645421E-02  1.2704047E-03   13.80845    
  8.8645421E-02  8.9641437E-02  1.2338019E-03   14.10933    
  8.9641437E-02  9.0637453E-02  2.6341192E-03   51.60667    
  9.0637453E-02  9.1633469E-02  1.2803033E-03   13.63278    
  9.1633469E-02  9.2629485E-02  1.0097658E-03   14.06623    
  9.2629485E-02  9.3625501E-02  1.3561315E-03   13.68570    
  9.3625501E-02  9.4621517E-02  1.6403443E-03   36.35234    
  9.4621517E-02  9.5617533E-02  1.1205876E-03   15.18018    
  9.5617533E-02  9.6613549E-02  1.3228203E-03   14.75203    
  9.6613549E-02  9.7609565E-02  1.2902267E-03   12.96010    
  9.7609565E-02  9.8605581E-02  9.2391530E-04   15.06508    
  9.8605581E-02  9.9601597E-02  1.4112908E-03   13.49018    
  9.9601597E-02  0.1005976      1.1045098E-03   13.74679    
  0.1005976      0.1015936      1.2003843E-03   15.47879    
  0.1015936      0.1025896      1.2487849E-03   14.19844    
  0.1025896      0.1035857      1.1226803E-03   14.74825    
  0.1035857      0.1045817      1.2449694E-03   13.65964    
  0.1045817      0.1055777      1.3383414E-03   13.24360    
  0.1055777      0.1065737      1.0267138E-03   16.06993    
  0.1065737      0.1075697      1.8431304E-03   11.41159    
  0.1075697      0.1085657      1.5911931E-03   12.33211    
  0.1085657      0.1095618      1.1171056E-03   14.13342    
  0.1095618      0.1105578      1.2452146E-03   14.30616    
  0.1105578      0.1115538      8.8889233E-04   16.19195    
  0.1115538      0.1125498      1.2152046E-03   13.30605    
  0.1125498      0.1135458      8.9820236E-04   16.46477    
  0.1135458      0.1145418      1.1226886E-03   14.26775    
  0.1145418      0.1155379      1.3658289E-03   14.11666    
  0.1155379      0.1165339      1.2400338E-03   13.23679    
  0.1165339      0.1175299      1.0239880E-03   13.86085    
  0.1175299      0.1185259      1.1911794E-03   15.25165    
  0.1185259      0.1195219      9.1661303E-04   14.74060    
  0.1195219      0.1205179      1.4083737E-03   11.51639    
  0.1205179      0.1215139      9.7002869E-04   14.86604    
  0.1215139      0.1225100      9.7102538E-04   15.95566    
  0.1225100      0.1235060      1.0925931E-03   16.42713    
  0.1235060      0.1245020      2.3827024E-03   57.40337    
  0.1245020      0.1254980      9.1854634E-04   16.17615    
  0.1254980      0.1264940      1.0688502E-03   15.51108    
  0.1264940      0.1274900      1.2357738E-03   13.55136    
  0.1274900      0.1284861      1.1730291E-03   15.63734    
  0.1284861      0.1294821      1.1030368E-03   14.70840    
  0.1294821      0.1304781      1.1244150E-03   15.76644    
  0.1304781      0.1314741      1.1505242E-03   13.60672    
  0.1314741      0.1324701      9.1705273E-04   16.97381    
  0.1324701      0.1334661      1.2044251E-03   13.81249    
  0.1334661      0.1344621      1.2944140E-03   12.75005    
  0.1344621      0.1354582      9.0546452E-04   16.21750    
  0.1354582      0.1364542      1.0015076E-03   16.30434    
  0.1364542      0.1374502      1.3749208E-03   12.48815    
  0.1374502      0.1384462      9.9054107E-04   17.06933    
  0.1384462      0.1394422      1.2018932E-03   13.68065    
  0.1394422      0.1404383      1.1729350E-03   13.39772    
  0.1404383      0.1414343      8.2856696E-04   17.03113    
  0.1414343      0.1424303      9.7978103E-04   15.35480    
  0.1424303      0.1434263      9.7771373E-04   15.68211    
  0.1434263      0.1444223      1.0056866E-03   14.76657    
  0.1444223      0.1454183      1.0469703E-03   14.46179    
  0.1454183      0.1464143      1.1364456E-03   15.88475    
  0.1464143      0.1474104      1.1003092E-03   13.28221    
  0.1474104      0.1484064      1.0767173E-03   14.69234    
  0.1484064      0.1494024      1.0281707E-03   16.64503    
  0.1494024      0.1503984      1.1069981E-03   14.97272    
  0.1503984      0.1513944      1.1163637E-03   14.87860    
  0.1513944      0.1523905      9.5812959E-04   15.80195    
  0.1523905      0.1533865      8.9269091E-04   15.46355    
  0.1533865      0.1543825      1.0492518E-03   14.50325    
  0.1543825      0.1553785      9.6831191E-04   15.03001    
  0.1553785      0.1563745      7.0561300E-04   18.18312    
  0.1563745      0.1573705      7.8933692E-04   15.39404    
  0.1573705      0.1583665      9.7887567E-04   15.52863    
  0.1583665      0.1593626      1.0161495E-03   16.26755    
  0.1593626      0.1603586      1.1810691E-03   12.98300    
  0.1603586      0.1613546      9.4119809E-04   13.79482    
  0.1613546      0.1623506      7.9020311E-04   17.70295    
  0.1623506      0.1633466      1.1031297E-03   15.78826    
  0.1633466      0.1643426      9.2993095E-04   16.11008    
  0.1643426      0.1653387      8.7941001E-04   16.54116    
  0.1653387      0.1663347      1.0064068E-03   15.80242    
  0.1663347      0.1673307      9.4976649E-04   15.07083    
  0.1673307      0.1683267      6.8953919E-04   16.85002    
  0.1683267      0.1693227      7.1878819E-04   17.81824    
  0.1693227      0.1703187      5.0613133E-04   19.66668    
  0.1703187      0.1713147      7.7430625E-04   16.23261    
  0.1713147      0.1723108      7.2677626E-04   17.72421    
  0.1723108      0.1733068      7.9465535E-04   18.04634    
  0.1733068      0.1743028      8.0992503E-04   15.34251    
  0.1743028      0.1752988      1.0222559E-03   15.42341    
  0.1752988      0.1762948      7.1253895E-04   18.37916    
  0.1762948      0.1772908      8.2786696E-04   16.98173    
  0.1772908      0.1782869      9.1116864E-04   15.45972    
  0.1782869      0.1792829      8.5035287E-04   17.87386    
  0.1792829      0.1802789      7.6693407E-04   18.42571    
  0.1802789      0.1812749      9.8509726E-04   15.16118    
  0.1812749      0.1822709      9.8985399E-04   18.37367    
  0.1822709      0.1832669      9.3359238E-04   15.89430    
  0.1832669      0.1842630      5.9086853E-04   20.54949    
  0.1842630      0.1852590      6.4901932E-04   21.20150    
  0.1852590      0.1862550      8.3661947E-04   15.40042    
  0.1862550      0.1872510      8.0146221E-04   17.51494    
  0.1872510      0.1882470      7.7418186E-04   18.72951    
  0.1882470      0.1892430      8.5698429E-04   16.22062    
  0.1892430      0.1902390      6.5045082E-04   20.10569    
  0.1902390      0.1912351      8.9908176E-04   16.45464    
  0.1912351      0.1922311      7.0602074E-04   19.49679    
  0.1922311      0.1932271      9.5155422E-04   18.33606    
  0.1932271      0.1942231      6.9420110E-04   20.41925    
  0.1942231      0.1952191      5.7456404E-04   19.17219    
  0.1952191      0.1962152      7.2681712E-04   17.50492    
  0.1962152      0.1972112      7.9666759E-04   18.29864    
  0.1972112      0.1982072      7.4470852E-04   18.44314    
  0.1982072      0.1992032      7.7121565E-04   16.52884    
  0.1992032      0.2001992      7.2254334E-04   17.26429    
  0.2001992      0.2011952      6.4937741E-04   17.40418    
  0.2011952      0.2021912      7.0736971E-04   19.39874    
  0.2021912      0.2031873      4.5310942E-04   21.11803    
  0.2031873      0.2041833      7.0332672E-04   17.21024    
  0.2041833      0.2051793      7.4205088E-04   18.46332    
  0.2051793      0.2061753      8.1678375E-04   17.38601    
  0.2061753      0.2071713      6.8556995E-04   20.18886    
  0.2071713      0.2081673      8.9228654E-04   16.47418    
  0.2081673      0.2091634      5.4062752E-04   21.01921    
  0.2091634      0.2101594      6.8931223E-04   19.29561    
  0.2101594      0.2111554      7.1630691E-04   19.99472    
  0.2111554      0.2121514      7.4269361E-04   16.77628    
  0.2121514      0.2131474      5.9350219E-04   21.63183    
  0.2131474      0.2141434      4.3843573E-04   23.13820    
  0.2141434      0.2151394      5.0094601E-04   21.48233    
  0.2151394      0.2161355      5.7638233E-04   19.20588    
  0.2161355      0.2171315      4.5221442E-04   22.84665    
  0.2171315      0.2181275      5.4551760E-04   19.27198    
  0.2181275      0.2191235      6.8195030E-04   19.34410    
  0.2191235      0.2201195      5.8760936E-04   19.14247    
  0.2201195      0.2211155      6.3845573E-04   19.98202    
  0.2211155      0.2221116      5.3513795E-04   20.64694    
  0.2221116      0.2231076      7.8983878E-04   17.16174    
  0.2231076      0.2241036      5.1099621E-04   21.60637    
  0.2241036      0.2250996      5.9117726E-04   20.51047    
  0.2250996      0.2260956      5.2382960E-04   19.41522    
  0.2260956      0.2270916      5.2154833E-04   22.25502    
  0.2270916      0.2280877      5.7316705E-04   20.14324    
  0.2280877      0.2290837      4.2197964E-04   23.13352    
  0.2290837      0.2300797      5.9539423E-04   19.65945    
  0.2300797      0.2310757      5.4875476E-04   22.54284    
  0.2310757      0.2320717      5.7134533E-04   22.64430    
  0.2320717      0.2330677      5.7893828E-04   19.87590    
  0.2330677      0.2340637      4.7113147E-04   24.83710    
  0.2340637      0.2350598      6.7726010E-04   19.85374    
  0.2350598      0.2360558      7.0986088E-04   17.69264    
  0.2360558      0.2370518      5.1000819E-04   22.40965    
  0.2370518      0.2380478      3.8709681E-04   24.20066    
  0.2380478      0.2390438      4.3322021E-04   24.61335    
  0.2390438      0.2400399      5.4314767E-04   20.56867    
  0.2400399      0.2410359      4.7375946E-04   23.92375    
  0.2410359      0.2420319      4.7517548E-04   22.44779    
  0.2420319      0.2430279      5.8530783E-04   20.28399    
  0.2430279      0.2440239      4.4087583E-04   25.28116    
  0.2440239      0.2450199      3.9858746E-04   26.25976    
  0.2450199      0.2460159      5.1340373E-04   20.08552    
  0.2460159      0.2470120      4.2543060E-04   23.56281    
  0.2470120      0.2480080      6.0940842E-04   18.50447    
  0.2480080      0.2490040      2.7802677E-04   28.21462    
  0.2490040      0.2500000      6.2118738E-04   19.50576    
