0.000000e+00 1.225846e+01
1.000000e+00 5.045570e+00
2.000000e+00 2.327034e+00
3.000000e+00 1.093787e+00
4.000000e+00 5.783740e-01
5.000000e+00 3.312559e-01
6.000000e+00 2.154184e-01
7.000000e+00 1.493448e-01
8.000000e+00 1.151227e-01
9.000000e+00 8.898138e-02
1.000000e+01 7.101493e-02
1.100000e+01 5.999545e-02
1.200000e+01 5.118090e-02
1.300000e+01 4.480031e-02
1.400000e+01 3.740910e-02
1.500000e+01 3.432914e-02
1.600000e+01 2.996703e-02
1.700000e+01 2.908905e-02
1.800000e+01 2.516136e-02
1.900000e+01 2.316377e-02
2.000000e+01 2.114852e-02
2.100000e+01 1.937689e-02
2.200000e+01 1.811783e-02
2.300000e+01 1.777857e-02
2.400000e+01 1.715866e-02
2.500000e+01 1.664530e-02
2.600000e+01 1.494566e-02
2.700000e+01 1.418330e-02
2.800000e+01 1.478032e-02
2.900000e+01 1.323949e-02
3.000000e+01 1.297193e-02
3.100000e+01 1.327847e-02
3.200000e+01 1.210611e-02
3.300000e+01 1.226824e-02
3.400000e+01 1.175808e-02
3.500000e+01 1.176475e-02
3.600000e+01 1.115800e-02
3.700000e+01 1.051711e-02
3.800000e+01 1.047592e-02
3.900000e+01 1.021378e-02
4.000000e+01 9.529012e-03
4.100000e+01 9.940394e-03
4.200000e+01 1.000443e-02
4.300000e+01 9.532443e-03
4.400000e+01 9.607165e-03
4.500000e+01 9.305676e-03
4.600000e+01 8.288524e-03
4.700000e+01 8.787918e-03
4.800000e+01 8.863832e-03
4.900000e+01 8.682084e-03
5.000000e+01 7.739369e-03
5.100000e+01 9.036722e-03
5.200000e+01 9.060770e-03
5.300000e+01 8.299051e-03
5.400000e+01 8.690969e-03
5.500000e+01 8.278557e-03
5.600000e+01 8.460384e-03
5.700000e+01 7.437732e-03
5.800000e+01 8.269979e-03
5.900000e+01 7.012094e-03
6.000000e+01 7.318076e-03
6.100000e+01 7.360092e-03
6.200000e+01 7.264393e-03
6.300000e+01 7.070125e-03
6.400000e+01 6.391496e-03
6.500000e+01 6.680979e-03
6.600000e+01 6.378809e-03
6.700000e+01 6.365043e-03
6.800000e+01 5.960364e-03
6.900000e+01 6.358226e-03
7.000000e+01 6.395481e-03
7.100000e+01 5.559555e-03
7.200000e+01 6.743671e-03
7.300000e+01 5.270909e-03
7.400000e+01 5.611205e-03
7.500000e+01 5.387379e-03
7.600000e+01 5.307308e-03
7.700000e+01 5.281270e-03
7.800000e+01 5.954051e-03
7.900000e+01 5.437197e-03
8.000000e+01 5.293333e-03
8.100000e+01 4.629619e-03
8.200000e+01 4.921936e-03
8.300000e+01 4.597913e-03
8.400000e+01 4.655175e-03
8.500000e+01 4.400376e-03
8.600000e+01 4.606703e-03
8.700000e+01 5.563576e-03
8.800000e+01 4.443794e-03
8.900000e+01 4.190796e-03
9.000000e+01 3.967531e-03
9.100000e+01 4.235030e-03
9.200000e+01 3.929167e-03
9.300000e+01 4.317706e-03
9.400000e+01 4.085177e-03
9.500000e+01 4.043646e-03
9.600000e+01 4.019833e-03
9.700000e+01 4.399994e-03
9.800000e+01 4.098698e-03
9.900000e+01 3.243969e-03
1.000000e+02 3.840737e-03
1.010000e+02 3.009838e-03
1.020000e+02 2.717497e-03
1.030000e+02 3.047623e-03
1.040000e+02 3.634559e-03
1.050000e+02 2.766905e-03
1.060000e+02 2.879946e-03
1.070000e+02 3.151983e-03
1.080000e+02 3.098265e-03
1.090000e+02 3.487001e-03
1.100000e+02 2.751180e-03
1.110000e+02 2.558612e-03
1.120000e+02 2.470074e-03
1.130000e+02 2.472951e-03
1.140000e+02 2.943252e-03
1.150000e+02 2.544472e-03
1.160000e+02 2.570821e-03
1.170000e+02 2.526026e-03
1.180000e+02 2.553536e-03
1.190000e+02 2.727801e-03
1.200000e+02 2.737292e-03
1.210000e+02 2.386440e-03
1.220000e+02 2.590924e-03
1.230000e+02 2.076191e-03
1.240000e+02 2.518247e-03
1.250000e+02 1.804775e-03
1.260000e+02 1.616442e-03
1.270000e+02 2.202355e-03
1.280000e+02 2.251000e-03
1.290000e+02 1.829932e-03
1.300000e+02 1.893028e-03
1.310000e+02 1.953400e-03
1.320000e+02 1.812737e-03
1.330000e+02 1.957589e-03
1.340000e+02 1.869559e-03
1.350000e+02 1.936155e-03
1.360000e+02 1.745242e-03
1.370000e+02 1.934598e-03
1.380000e+02 1.619442e-03
1.390000e+02 1.500859e-03
1.400000e+02 1.422425e-03
1.410000e+02 1.500285e-03
1.420000e+02 1.668495e-03
1.430000e+02 1.416777e-03
1.440000e+02 1.925725e-03
1.450000e+02 1.542841e-03
1.460000e+02 1.381012e-03
1.470000e+02 1.423436e-03
1.480000e+02 1.708122e-03
1.490000e+02 1.200434e-03
1.500000e+02 1.358383e-03
1.510000e+02 1.372697e-03
1.520000e+02 1.573359e-03
1.530000e+02 1.097868e-03
1.540000e+02 1.655386e-03
1.550000e+02 1.382423e-03
1.560000e+02 1.495918e-03
1.570000e+02 1.429158e-03
1.580000e+02 6.839670e-04
1.590000e+02 1.087881e-03
1.600000e+02 1.287306e-03
1.610000e+02 7.740380e-04
1.620000e+02 9.274073e-04
1.630000e+02 1.012726e-03
1.640000e+02 1.423233e-03
1.650000e+02 8.674556e-04
1.660000e+02 1.102731e-03
1.670000e+02 1.094597e-03
1.680000e+02 8.686914e-04
1.690000e+02 9.768084e-04
1.700000e+02 9.010161e-04
1.710000e+02 7.597323e-04
1.720000e+02 1.027020e-03
1.730000e+02 9.152672e-04
1.740000e+02 8.087695e-04
1.750000e+02 8.754658e-04
1.760000e+02 1.109780e-03
1.770000e+02 4.271948e-04
1.780000e+02 9.924931e-04
1.790000e+02 8.019276e-04
1.800000e+02 7.147873e-04
1.810000e+02 1.045890e-03
1.820000e+02 7.689396e-04
1.830000e+02 6.327265e-04
1.840000e+02 8.085048e-04
1.850000e+02 8.346989e-04
1.860000e+02 7.869994e-04
1.870000e+02 9.093760e-04
1.880000e+02 5.726259e-04
1.890000e+02 7.768714e-04
1.900000e+02 6.366661e-04
1.910000e+02 4.546838e-04
1.920000e+02 5.917351e-04
1.930000e+02 6.230101e-04
1.940000e+02 5.326018e-04
1.950000e+02 5.248079e-04
1.960000e+02 6.628430e-04
1.970000e+02 6.289303e-04
1.980000e+02 4.581482e-04
1.990000e+02 3.898586e-04
2.000000e+02 6.130895e-04
2.010000e+02 6.076807e-04
2.020000e+02 3.898048e-04
2.030000e+02 3.044704e-04
2.040000e+02 5.428635e-04
2.050000e+02 3.097075e-04
2.060000e+02 3.727533e-04
2.070000e+02 5.163313e-04
2.080000e+02 2.114450e-04
2.090000e+02 4.112624e-04
2.100000e+02 3.126602e-04
2.110000e+02 4.156799e-04
2.120000e+02 6.232263e-04
2.130000e+02 4.515305e-04
2.140000e+02 4.395484e-04
2.150000e+02 4.269054e-04
2.160000e+02 4.342564e-04
2.170000e+02 1.676282e-04
2.180000e+02 3.147297e-04
2.190000e+02 4.843016e-04
2.200000e+02 5.726682e-04
2.210000e+02 4.920154e-04
2.220000e+02 3.338397e-04
2.230000e+02 2.180054e-04
2.240000e+02 3.447777e-04
2.250000e+02 4.139701e-04
2.260000e+02 3.147922e-04
2.270000e+02 2.467516e-04
2.280000e+02 6.879203e-05
2.290000e+02 1.586708e-04
2.300000e+02 3.227281e-04
2.310000e+02 2.630127e-04
2.320000e+02 3.261426e-04
2.330000e+02 1.976409e-04
2.340000e+02 1.663397e-04
2.350000e+02 1.804745e-04
2.360000e+02 3.197484e-04
2.370000e+02 1.999371e-04
2.380000e+02 1.679876e-04
2.390000e+02 2.063561e-04
2.400000e+02 2.730904e-04
2.410000e+02 3.287292e-04
2.420000e+02 1.769180e-04
2.430000e+02 2.588636e-04
2.440000e+02 1.684603e-04
2.450000e+02 3.532532e-04
2.460000e+02 2.554309e-04
2.470000e+02 2.071376e-04
2.480000e+02 6.508316e-05
2.490000e+02 2.482368e-04
