# lower_MeV  upper_MeV  weight
0.000000e+00  0.000000e+00  1.081731e+01
0.000000e+00  1.000000e+00  4.549092e+00
1.000000e+00  2.000000e+00  2.099018e+00
2.000000e+00  3.000000e+00  9.862706e-01
3.000000e+00  4.000000e+00  5.201664e-01
4.000000e+00  5.000000e+00  2.982277e-01
5.000000e+00  6.000000e+00  1.947977e-01
6.000000e+00  7.000000e+00  1.341979e-01
7.000000e+00  8.000000e+00  1.038299e-01
8.000000e+00  9.000000e+00  8.012726e-02
9.000000e+00  1.000000e+01  6.418917e-02
1.000000e+01  1.100000e+01  5.450622e-02
1.100000e+01  1.200000e+01  4.684808e-02
1.200000e+01  1.300000e+01  4.064160e-02
1.300000e+01  1.400000e+01  3.412387e-02
1.400000e+01  1.500000e+01  3.144538e-02
1.500000e+01  1.600000e+01  2.787410e-02
1.600000e+01  1.700000e+01  2.677656e-02
1.700000e+01  1.800000e+01  2.309201e-02
1.800000e+01  1.900000e+01  2.111900e-02
1.900000e+01  2.000000e+01  1.929636e-02
2.000000e+01  2.100000e+01  1.744757e-02
2.100000e+01  2.200000e+01  1.628911e-02
2.200000e+01  2.300000e+01  1.637458e-02
2.300000e+01  2.400000e+01  1.547244e-02
2.400000e+01  2.500000e+01  1.515216e-02
2.500000e+01  2.600000e+01  1.363494e-02
2.600000e+01  2.700000e+01  1.294373e-02
2.700000e+01  2.800000e+01  1.317807e-02
2.800000e+01  2.900000e+01  1.198869e-02
2.900000e+01  3.000000e+01  1.201282e-02
3.000000e+01  3.100000e+01  1.210641e-02
3.100000e+01  3.200000e+01  1.116049e-02
3.200000e+01  3.300000e+01  1.088500e-02
3.300000e+01  3.400000e+01  1.069852e-02
3.400000e+01  3.500000e+01  1.072480e-02
3.500000e+01  3.600000e+01  1.024361e-02
3.600000e+01  3.700000e+01  9.463970e-03
3.700000e+01  3.800000e+01  9.143703e-03
3.800000e+01  3.900000e+01  9.238752e-03
3.900000e+01  4.000000e+01  8.679589e-03
4.000000e+01  4.100000e+01  9.144035e-03
4.100000e+01  4.200000e+01  8.869783e-03
4.200000e+01  4.300000e+01  8.704255e-03
4.300000e+01  4.400000e+01  8.645538e-03
4.400000e+01  4.500000e+01  8.456542e-03
4.500000e+01  4.600000e+01  7.753997e-03
4.600000e+01  4.700000e+01  8.052457e-03
4.700000e+01  4.800000e+01  8.190157e-03
4.800000e+01  4.900000e+01  7.953251e-03
4.900000e+01  5.000000e+01  6.989206e-03
5.000000e+01  5.100000e+01  7.923409e-03
5.100000e+01  5.200000e+01  8.322975e-03
5.200000e+01  5.300000e+01  7.499201e-03
5.300000e+01  5.400000e+01  7.737877e-03
5.400000e+01  5.500000e+01  7.531975e-03
5.500000e+01  5.600000e+01  7.772632e-03
5.600000e+01  5.700000e+01  6.851674e-03
5.700000e+01  5.800000e+01  7.649083e-03
5.800000e+01  5.900000e+01  6.536386e-03
5.900000e+01  6.000000e+01  6.630946e-03
6.000000e+01  6.100000e+01  6.729708e-03
6.100000e+01  6.200000e+01  6.579003e-03
6.200000e+01  6.300000e+01  6.425735e-03
6.300000e+01  6.400000e+01  5.990292e-03
6.400000e+01  6.500000e+01  6.144408e-03
6.500000e+01  6.600000e+01  5.712679e-03
6.600000e+01  6.700000e+01  5.823495e-03
6.700000e+01  6.800000e+01  5.395328e-03
6.800000e+01  6.900000e+01  5.807878e-03
6.900000e+01  7.000000e+01  5.823499e-03
7.000000e+01  7.100000e+01  5.133636e-03
7.100000e+01  7.200000e+01  6.173410e-03
7.200000e+01  7.300000e+01  4.665969e-03
7.300000e+01  7.400000e+01  5.095159e-03
7.400000e+01  7.500000e+01  4.959149e-03
7.500000e+01  7.600000e+01  4.913457e-03
7.600000e+01  7.700000e+01  4.943315e-03
7.700000e+01  7.800000e+01  5.522182e-03
7.800000e+01  7.900000e+01  4.939723e-03
7.900000e+01  8.000000e+01  5.013918e-03
8.000000e+01  8.100000e+01  4.186746e-03
8.100000e+01  8.200000e+01  4.490071e-03
8.200000e+01  8.300000e+01  4.216502e-03
8.300000e+01  8.400000e+01  4.340464e-03
8.400000e+01  8.500000e+01  3.930845e-03
8.500000e+01  8.600000e+01  4.186781e-03
8.600000e+01  8.700000e+01  5.098335e-03
8.700000e+01  8.800000e+01  4.038356e-03
8.800000e+01  8.900000e+01  3.916640e-03
8.900000e+01  9.000000e+01  3.612559e-03
9.000000e+01  9.100000e+01  4.049085e-03
9.100000e+01  9.200000e+01  3.408460e-03
9.200000e+01  9.300000e+01  4.046425e-03
9.300000e+01  9.400000e+01  3.662397e-03
9.400000e+01  9.500000e+01  3.778884e-03
9.500000e+01  9.600000e+01  3.734985e-03
9.600000e+01  9.700000e+01  3.953522e-03
9.700000e+01  9.800000e+01  3.880469e-03
9.800000e+01  9.900000e+01  2.976891e-03
9.900000e+01  1.000000e+02  3.666140e-03
1.000000e+02  1.010000e+02  2.712190e-03
1.010000e+02  1.020000e+02  2.488424e-03
1.020000e+02  1.030000e+02  2.895674e-03
1.030000e+02  1.040000e+02  3.350886e-03
1.040000e+02  1.050000e+02  2.605791e-03
1.050000e+02  1.060000e+02  2.702362e-03
1.060000e+02  1.070000e+02  2.824253e-03
1.070000e+02  1.080000e+02  2.787367e-03
1.080000e+02  1.090000e+02  3.343277e-03
1.090000e+02  1.100000e+02  2.477031e-03
1.100000e+02  1.110000e+02  2.350389e-03
1.110000e+02  1.120000e+02  2.288021e-03
1.120000e+02  1.130000e+02  2.291833e-03
1.130000e+02  1.140000e+02  2.790802e-03
1.140000e+02  1.150000e+02  2.173250e-03
1.150000e+02  1.160000e+02  2.328814e-03
1.160000e+02  1.170000e+02  2.404833e-03
1.170000e+02  1.180000e+02  2.398930e-03
1.180000e+02  1.190000e+02  2.592577e-03
1.190000e+02  1.200000e+02  2.494790e-03
1.200000e+02  1.210000e+02  2.170897e-03
1.210000e+02  1.220000e+02  2.323685e-03
1.220000e+02  1.230000e+02  1.868279e-03
1.230000e+02  1.240000e+02  2.395781e-03
1.240000e+02  1.250000e+02  1.532937e-03
1.250000e+02  1.260000e+02  1.484984e-03
1.260000e+02  1.270000e+02  2.035817e-03
1.270000e+02  1.280000e+02  2.116680e-03
1.280000e+02  1.290000e+02  1.731527e-03
1.290000e+02  1.300000e+02  1.751457e-03
1.300000e+02  1.310000e+02  1.740744e-03
1.310000e+02  1.320000e+02  1.655004e-03
1.320000e+02  1.330000e+02  1.847387e-03
1.330000e+02  1.340000e+02  1.714312e-03
1.340000e+02  1.350000e+02  1.744567e-03
1.350000e+02  1.360000e+02  1.571596e-03
1.360000e+02  1.370000e+02  1.822445e-03
1.370000e+02  1.380000e+02  1.447004e-03
1.380000e+02  1.390000e+02  1.342065e-03
1.390000e+02  1.400000e+02  1.289802e-03
1.400000e+02  1.410000e+02  1.357266e-03
1.410000e+02  1.420000e+02  1.592089e-03
1.420000e+02  1.430000e+02  1.337978e-03
1.430000e+02  1.440000e+02  1.682923e-03
1.440000e+02  1.450000e+02  1.497666e-03
1.450000e+02  1.460000e+02  1.319226e-03
1.460000e+02  1.470000e+02  1.347929e-03
1.470000e+02  1.480000e+02  1.566040e-03
1.480000e+02  1.490000e+02  1.119284e-03
1.490000e+02  1.500000e+02  1.272820e-03
1.500000e+02  1.510000e+02  1.187456e-03
1.510000e+02  1.520000e+02  1.423556e-03
1.520000e+02  1.530000e+02  1.017388e-03
1.530000e+02  1.540000e+02  1.578259e-03
1.540000e+02  1.550000e+02  1.203676e-03
1.550000e+02  1.560000e+02  1.428454e-03
1.560000e+02  1.570000e+02  1.351718e-03
1.570000e+02  1.580000e+02  6.853329e-04
1.580000e+02  1.590000e+02  1.008698e-03
1.590000e+02  1.600000e+02  1.128903e-03
1.600000e+02  1.610000e+02  5.973044e-04
1.610000e+02  1.620000e+02  8.578519e-04
1.620000e+02  1.630000e+02  8.539582e-04
1.630000e+02  1.640000e+02  1.341029e-03
1.640000e+02  1.650000e+02  8.272035e-04
1.650000e+02  1.660000e+02  1.029550e-03
1.660000e+02  1.670000e+02  1.002623e-03
1.670000e+02  1.680000e+02  7.570865e-04
1.680000e+02  1.690000e+02  8.414808e-04
1.690000e+02  1.700000e+02  8.824172e-04
1.700000e+02  1.710000e+02  7.074918e-04
1.710000e+02  1.720000e+02  9.094030e-04
1.720000e+02  1.730000e+02  7.890883e-04
1.730000e+02  1.740000e+02  7.865268e-04
1.740000e+02  1.750000e+02  8.232611e-04
1.750000e+02  1.760000e+02  1.065208e-03
1.760000e+02  1.770000e+02  4.229248e-04
1.770000e+02  1.780000e+02  9.672152e-04
1.780000e+02  1.790000e+02  7.979056e-04
1.790000e+02  1.800000e+02  6.831143e-04
1.800000e+02  1.810000e+02  9.465119e-04
1.810000e+02  1.820000e+02  6.946148e-04
1.820000e+02  1.830000e+02  5.487814e-04
1.830000e+02  1.840000e+02  7.835395e-04
1.840000e+02  1.850000e+02  7.929045e-04
1.850000e+02  1.860000e+02  6.949483e-04
1.860000e+02  1.870000e+02  8.367088e-04
1.870000e+02  1.880000e+02  5.472262e-04
1.880000e+02  1.890000e+02  7.423230e-04
1.890000e+02  1.900000e+02  5.972630e-04
1.900000e+02  1.910000e+02  4.340020e-04
1.910000e+02  1.920000e+02  5.645559e-04
1.920000e+02  1.930000e+02  5.382693e-04
1.930000e+02  1.940000e+02  4.574064e-04
1.940000e+02  1.950000e+02  5.073203e-04
1.950000e+02  1.960000e+02  6.296656e-04
1.960000e+02  1.970000e+02  6.123535e-04
1.970000e+02  1.980000e+02  4.408105e-04
1.980000e+02  1.990000e+02  3.395443e-04
1.990000e+02  2.000000e+02  4.988595e-04
2.000000e+02  2.010000e+02  5.746948e-04
2.010000e+02  2.020000e+02  3.452875e-04
2.020000e+02  2.030000e+02  2.936299e-04
2.030000e+02  2.040000e+02  5.159031e-04
2.040000e+02  2.050000e+02  2.801020e-04
2.050000e+02  2.060000e+02  3.613434e-04
2.060000e+02  2.070000e+02  5.014517e-04
2.070000e+02  2.080000e+02  1.785209e-04
2.080000e+02  2.090000e+02  3.480875e-04
2.090000e+02  2.100000e+02  2.187197e-04
2.100000e+02  2.110000e+02  3.975139e-04
2.110000e+02  2.120000e+02  6.155439e-04
2.120000e+02  2.130000e+02  3.767308e-04
2.130000e+02  2.140000e+02  4.288793e-04
2.140000e+02  2.150000e+02  4.004625e-04
2.150000e+02  2.160000e+02  3.573488e-04
2.160000e+02  2.170000e+02  1.663319e-04
2.170000e+02  2.180000e+02  2.683497e-04
2.180000e+02  2.190000e+02  4.838045e-04
2.190000e+02  2.200000e+02  5.364972e-04
2.200000e+02  2.210000e+02  3.991477e-04
2.210000e+02  2.220000e+02  2.304322e-04
2.220000e+02  2.230000e+02  2.191453e-04
2.230000e+02  2.240000e+02  3.254551e-04
2.240000e+02  2.250000e+02  4.001706e-04
2.250000e+02  2.260000e+02  2.847378e-04
2.260000e+02  2.270000e+02  2.489848e-04
2.270000e+02  2.280000e+02  5.257334e-05
2.280000e+02  2.290000e+02  1.599597e-04
2.290000e+02  2.300000e+02  3.199707e-04
2.300000e+02  2.310000e+02  2.614167e-04
2.310000e+02  2.320000e+02  2.911924e-04
2.320000e+02  2.330000e+02  1.742020e-04
2.330000e+02  2.340000e+02  1.632270e-04
2.340000e+02  2.350000e+02  1.560188e-04
2.350000e+02  2.360000e+02  2.515188e-04
2.360000e+02  2.370000e+02  1.678881e-04
2.370000e+02  2.380000e+02  1.618952e-04
2.380000e+02  2.390000e+02  1.354683e-04
2.390000e+02  2.400000e+02  2.428957e-04
2.400000e+02  2.410000e+02  2.599418e-04
2.410000e+02  2.420000e+02  1.698170e-04
2.420000e+02  2.430000e+02  2.456824e-04
2.430000e+02  2.440000e+02  1.690051e-04
2.440000e+02  2.450000e+02  2.743629e-04
2.450000e+02  2.460000e+02  2.548432e-04
2.460000e+02  2.470000e+02  1.718276e-04
2.470000e+02  2.480000e+02  6.602616e-05
2.480000e+02  2.490000e+02  2.525978e-04
2.490000e+02  2.500000e+02  4.352846e-05
