# lower_MeV  upper_MeV  weight
0.000000e+00  0.000000e+00  6.410767e+00
0.000000e+00  1.000000e+00  3.312641e+00
1.000000e+00  2.000000e+00  1.556094e+00
2.000000e+00  3.000000e+00  7.325116e-01
3.000000e+00  4.000000e+00  3.865207e-01
4.000000e+00  5.000000e+00  2.231070e-01
5.000000e+00  6.000000e+00  1.407285e-01
6.000000e+00  7.000000e+00  9.384928e-02
7.000000e+00  8.000000e+00  7.308079e-02
8.000000e+00  9.000000e+00  5.675528e-02
9.000000e+00  1.000000e+01  4.578470e-02
1.000000e+01  1.100000e+01  3.891807e-02
1.100000e+01  1.200000e+01  3.501632e-02
1.200000e+01  1.300000e+01  3.115487e-02
1.300000e+01  1.400000e+01  2.396617e-02
1.400000e+01  1.500000e+01  2.347810e-02
1.500000e+01  1.600000e+01  2.176470e-02
1.600000e+01  1.700000e+01  1.936298e-02
1.700000e+01  1.800000e+01  1.780168e-02
1.800000e+01  1.900000e+01  1.654826e-02
1.900000e+01  2.000000e+01  1.571425e-02
2.000000e+01  2.100000e+01  1.422920e-02
2.100000e+01  2.200000e+01  1.296853e-02
2.200000e+01  2.300000e+01  1.353501e-02
2.300000e+01  2.400000e+01  1.265909e-02
2.400000e+01  2.500000e+01  1.228352e-02
2.500000e+01  2.600000e+01  9.979848e-03
2.600000e+01  2.700000e+01  9.931572e-03
2.700000e+01  2.800000e+01  1.021533e-02
2.800000e+01  2.900000e+01  9.239249e-03
2.900000e+01  3.000000e+01  1.060862e-02
3.000000e+01  3.100000e+01  9.492887e-03
3.100000e+01  3.200000e+01  8.803396e-03
3.200000e+01  3.300000e+01  7.845773e-03
3.300000e+01  3.400000e+01  8.495446e-03
3.400000e+01  3.500000e+01  8.430080e-03
3.500000e+01  3.600000e+01  8.332304e-03
3.600000e+01  3.700000e+01  6.883482e-03
3.700000e+01  3.800000e+01  7.610946e-03
3.800000e+01  3.900000e+01  7.196255e-03
3.900000e+01  4.000000e+01  6.089050e-03
4.000000e+01  4.100000e+01  7.303218e-03
4.100000e+01  4.200000e+01  6.949792e-03
4.200000e+01  4.300000e+01  7.172168e-03
4.300000e+01  4.400000e+01  6.287720e-03
4.400000e+01  4.500000e+01  6.985479e-03
4.500000e+01  4.600000e+01  6.061953e-03
4.600000e+01  4.700000e+01  6.147707e-03
4.700000e+01  4.800000e+01  6.437679e-03
4.800000e+01  4.900000e+01  6.686918e-03
4.900000e+01  5.000000e+01  5.499736e-03
5.000000e+01  5.100000e+01  6.351626e-03
5.100000e+01  5.200000e+01  6.580396e-03
5.200000e+01  5.300000e+01  5.611309e-03
5.300000e+01  5.400000e+01  5.902985e-03
5.400000e+01  5.500000e+01  6.152393e-03
5.500000e+01  5.600000e+01  6.520346e-03
5.600000e+01  5.700000e+01  5.530346e-03
5.700000e+01  5.800000e+01  6.354463e-03
5.800000e+01  5.900000e+01  5.050468e-03
5.900000e+01  6.000000e+01  5.321783e-03
6.000000e+01  6.100000e+01  5.015565e-03
6.100000e+01  6.200000e+01  5.127609e-03
6.200000e+01  6.300000e+01  5.162923e-03
6.300000e+01  6.400000e+01  4.705356e-03
6.400000e+01  6.500000e+01  5.010281e-03
6.500000e+01  6.600000e+01  4.280754e-03
6.600000e+01  6.700000e+01  4.370655e-03
6.700000e+01  6.800000e+01  4.244163e-03
6.800000e+01  6.900000e+01  4.362930e-03
6.900000e+01  7.000000e+01  4.647314e-03
7.000000e+01  7.100000e+01  4.616392e-03
7.100000e+01  7.200000e+01  5.061259e-03
7.200000e+01  7.300000e+01  3.631331e-03
7.300000e+01  7.400000e+01  4.107659e-03
7.400000e+01  7.500000e+01  4.211271e-03
7.500000e+01  7.600000e+01  3.627374e-03
7.600000e+01  7.700000e+01  4.017282e-03
7.700000e+01  7.800000e+01  4.673793e-03
7.800000e+01  7.900000e+01  3.646911e-03
7.900000e+01  8.000000e+01  4.279255e-03
8.000000e+01  8.100000e+01  3.333433e-03
8.100000e+01  8.200000e+01  4.002322e-03
8.200000e+01  8.300000e+01  3.748761e-03
8.300000e+01  8.400000e+01  3.872338e-03
8.400000e+01  8.500000e+01  3.557777e-03
8.500000e+01  8.600000e+01  3.804731e-03
8.600000e+01  8.700000e+01  4.365237e-03
8.700000e+01  8.800000e+01  3.080264e-03
8.800000e+01  8.900000e+01  3.399798e-03
8.900000e+01  9.000000e+01  2.788275e-03
9.000000e+01  9.100000e+01  3.504217e-03
9.100000e+01  9.200000e+01  2.537027e-03
9.200000e+01  9.300000e+01  3.150945e-03
9.300000e+01  9.400000e+01  3.228585e-03
9.400000e+01  9.500000e+01  3.163911e-03
9.500000e+01  9.600000e+01  3.249717e-03
9.600000e+01  9.700000e+01  3.417399e-03
9.700000e+01  9.800000e+01  3.369102e-03
9.800000e+01  9.900000e+01  2.321492e-03
9.900000e+01  1.000000e+02  2.617388e-03
1.000000e+02  1.010000e+02  2.097147e-03
1.010000e+02  1.020000e+02  2.175661e-03
1.020000e+02  1.030000e+02  2.524316e-03
1.030000e+02  1.040000e+02  2.513099e-03
1.040000e+02  1.050000e+02  2.284463e-03
1.050000e+02  1.060000e+02  2.212226e-03
1.060000e+02  1.070000e+02  2.249906e-03
1.070000e+02  1.080000e+02  2.300247e-03
1.080000e+02  1.090000e+02  2.875616e-03
1.090000e+02  1.100000e+02  2.009829e-03
1.100000e+02  1.110000e+02  1.858592e-03
1.110000e+02  1.120000e+02  1.664676e-03
1.120000e+02  1.130000e+02  2.122983e-03
1.130000e+02  1.140000e+02  2.546269e-03
1.140000e+02  1.150000e+02  1.706818e-03
1.150000e+02  1.160000e+02  1.503855e-03
1.160000e+02  1.170000e+02  2.170811e-03
1.170000e+02  1.180000e+02  1.695113e-03
1.180000e+02  1.190000e+02  2.227698e-03
1.190000e+02  1.200000e+02  2.176352e-03
1.200000e+02  1.210000e+02  1.692521e-03
1.210000e+02  1.220000e+02  1.803935e-03
1.220000e+02  1.230000e+02  1.683262e-03
1.230000e+02  1.240000e+02  1.837066e-03
1.240000e+02  1.250000e+02  1.149792e-03
1.250000e+02  1.260000e+02  9.830139e-04
1.260000e+02  1.270000e+02  1.848154e-03
1.270000e+02  1.280000e+02  1.824060e-03
1.280000e+02  1.290000e+02  1.440645e-03
1.290000e+02  1.300000e+02  1.232931e-03
1.300000e+02  1.310000e+02  1.449532e-03
1.310000e+02  1.320000e+02  1.555240e-03
1.320000e+02  1.330000e+02  1.582739e-03
1.330000e+02  1.340000e+02  1.417050e-03
1.340000e+02  1.350000e+02  1.317634e-03
1.350000e+02  1.360000e+02  1.292516e-03
1.360000e+02  1.370000e+02  1.341140e-03
1.370000e+02  1.380000e+02  1.311905e-03
1.380000e+02  1.390000e+02  1.212296e-03
1.390000e+02  1.400000e+02  9.385664e-04
1.400000e+02  1.410000e+02  1.142904e-03
1.410000e+02  1.420000e+02  1.588198e-03
1.420000e+02  1.430000e+02  1.212537e-03
1.430000e+02  1.440000e+02  1.306686e-03
1.440000e+02  1.450000e+02  1.451322e-03
1.450000e+02  1.460000e+02  1.024120e-03
1.460000e+02  1.470000e+02  9.554708e-04
1.470000e+02  1.480000e+02  1.387621e-03
1.480000e+02  1.490000e+02  9.319725e-04
1.490000e+02  1.500000e+02  1.091296e-03
1.500000e+02  1.510000e+02  8.921456e-04
1.510000e+02  1.520000e+02  1.003040e-03
1.520000e+02  1.530000e+02  8.610713e-04
1.530000e+02  1.540000e+02  1.167823e-03
1.540000e+02  1.550000e+02  1.026149e-03
1.550000e+02  1.560000e+02  1.518754e-03
1.560000e+02  1.570000e+02  1.075093e-03
1.570000e+02  1.580000e+02  4.410924e-04
1.580000e+02  1.590000e+02  9.084722e-04
1.590000e+02  1.600000e+02  7.863501e-04
1.600000e+02  1.610000e+02  3.076140e-04
1.610000e+02  1.620000e+02  4.020614e-04
1.620000e+02  1.630000e+02  7.958939e-04
1.630000e+02  1.640000e+02  1.086378e-03
1.640000e+02  1.650000e+02  7.700104e-04
1.650000e+02  1.660000e+02  7.307713e-04
1.660000e+02  1.670000e+02  8.177853e-04
1.670000e+02  1.680000e+02  7.662987e-04
1.680000e+02  1.690000e+02  4.925755e-04
1.690000e+02  1.700000e+02  7.411296e-04
1.700000e+02  1.710000e+02  5.849188e-04
1.710000e+02  1.720000e+02  8.019792e-04
1.720000e+02  1.730000e+02  7.091780e-04
1.730000e+02  1.740000e+02  7.239916e-04
1.740000e+02  1.750000e+02  6.859141e-04
1.750000e+02  1.760000e+02  9.751815e-04
1.760000e+02  1.770000e+02  3.453666e-04
1.770000e+02  1.780000e+02  7.727439e-04
1.780000e+02  1.790000e+02  7.297367e-04
1.790000e+02  1.800000e+02  6.968063e-04
1.800000e+02  1.810000e+02  7.011862e-04
1.810000e+02  1.820000e+02  4.407293e-04
1.820000e+02  1.830000e+02  4.452604e-04
1.830000e+02  1.840000e+02  7.511068e-04
1.840000e+02  1.850000e+02  7.281981e-04
1.850000e+02  1.860000e+02  4.207205e-04
1.860000e+02  1.870000e+02  7.361723e-04
1.870000e+02  1.880000e+02  4.009210e-04
1.880000e+02  1.890000e+02  5.880966e-04
1.890000e+02  1.900000e+02  5.113865e-04
1.900000e+02  1.910000e+02  3.128848e-04
1.910000e+02  1.920000e+02  4.480143e-04
1.920000e+02  1.930000e+02  5.242948e-04
1.930000e+02  1.940000e+02  2.941482e-04
1.940000e+02  1.950000e+02  3.267532e-04
1.950000e+02  1.960000e+02  6.318621e-04
1.960000e+02  1.970000e+02  4.316531e-04
1.970000e+02  1.980000e+02  3.201525e-04
1.980000e+02  1.990000e+02  2.178375e-04
1.990000e+02  2.000000e+02  2.488483e-04
2.000000e+02  2.010000e+02  4.483774e-04
2.010000e+02  2.020000e+02  2.537724e-04
2.020000e+02  2.030000e+02  2.850026e-04
2.030000e+02  2.040000e+02  4.635572e-04
2.040000e+02  2.050000e+02  3.308630e-04
2.050000e+02  2.060000e+02  2.231265e-04
2.060000e+02  2.070000e+02  4.602224e-04
2.070000e+02  2.080000e+02  1.030062e-04
2.080000e+02  2.090000e+02  2.898672e-04
2.090000e+02  2.100000e+02  2.010404e-04
2.100000e+02  2.110000e+02  2.304543e-04
2.110000e+02  2.120000e+02  6.810065e-04
2.120000e+02  2.130000e+02  2.485695e-04
2.130000e+02  2.140000e+02  4.188519e-04
2.140000e+02  2.150000e+02  3.352472e-04
2.150000e+02  2.160000e+02  2.061436e-04
2.160000e+02  2.170000e+02  2.162897e-04
2.170000e+02  2.180000e+02  5.415667e-05
2.180000e+02  2.190000e+02  4.413795e-04
2.190000e+02  2.200000e+02  4.425489e-04
2.200000e+02  2.210000e+02  4.701727e-04
2.210000e+02  2.220000e+02  2.023351e-04
2.220000e+02  2.230000e+02  1.945247e-04
2.230000e+02  2.240000e+02  1.974198e-04
2.240000e+02  2.250000e+02  3.255163e-04
2.250000e+02  2.260000e+02  2.026885e-04
2.260000e+02  2.270000e+02  2.526937e-04
2.270000e+02  2.280000e+02  1.730893e-05
2.280000e+02  2.290000e+02  7.169096e-05
2.290000e+02  2.300000e+02  2.917616e-04
2.300000e+02  2.310000e+02  3.357197e-04
2.310000e+02  2.320000e+02  2.042260e-04
2.320000e+02  2.330000e+02  2.003907e-04
2.330000e+02  2.340000e+02  1.084864e-04
2.340000e+02  2.350000e+02  1.279762e-04
2.350000e+02  2.360000e+02  2.635304e-04
2.360000e+02  2.370000e+02  1.314728e-04
2.370000e+02  2.380000e+02  1.014793e-04
2.380000e+02  2.390000e+02  8.027205e-05
2.390000e+02  2.400000e+02  1.900908e-04
2.400000e+02  2.410000e+02  2.265843e-04
2.410000e+02  2.420000e+02  1.334717e-04
2.420000e+02  2.430000e+02  2.877306e-04
2.430000e+02  2.440000e+02  1.591975e-04
2.440000e+02  2.450000e+02  1.405027e-04
2.450000e+02  2.460000e+02  2.983227e-04
2.460000e+02  2.470000e+02  1.335248e-04
2.470000e+02  2.480000e+02  1.099247e-05
2.480000e+02  2.490000e+02  2.007275e-04
2.490000e+02  2.500000e+02  6.467137e-05
