# lower_MeV  upper_MeV  weight
0.000000e+00  0.000000e+00  8.557837e+00
0.000000e+00  1.000000e+00  3.743315e+00
1.000000e+00  2.000000e+00  1.732041e+00
2.000000e+00  3.000000e+00  8.136507e-01
3.000000e+00  4.000000e+00  4.272406e-01
4.000000e+00  5.000000e+00  2.471542e-01
5.000000e+00  6.000000e+00  1.601514e-01
6.000000e+00  7.000000e+00  1.082633e-01
7.000000e+00  8.000000e+00  8.416186e-02
8.000000e+00  9.000000e+00  6.557519e-02
9.000000e+00  1.000000e+01  5.292436e-02
1.000000e+01  1.100000e+01  4.515870e-02
1.100000e+01  1.200000e+01  3.926637e-02
1.200000e+01  1.300000e+01  3.352601e-02
1.300000e+01  1.400000e+01  2.839552e-02
1.400000e+01  1.500000e+01  2.642794e-02
1.500000e+01  1.600000e+01  2.389203e-02
1.600000e+01  1.700000e+01  2.228801e-02
1.700000e+01  1.800000e+01  1.927007e-02
1.800000e+01  1.900000e+01  1.768613e-02
1.900000e+01  2.000000e+01  1.612652e-02
2.000000e+01  2.100000e+01  1.448186e-02
2.100000e+01  2.200000e+01  1.371646e-02
2.200000e+01  2.300000e+01  1.388572e-02
2.300000e+01  2.400000e+01  1.319049e-02
2.400000e+01  2.500000e+01  1.279772e-02
2.500000e+01  2.600000e+01  1.141042e-02
2.600000e+01  2.700000e+01  1.066191e-02
2.700000e+01  2.800000e+01  1.100406e-02
2.800000e+01  2.900000e+01  9.917964e-03
2.900000e+01  3.000000e+01  1.016209e-02
3.000000e+01  3.100000e+01  1.008630e-02
3.100000e+01  3.200000e+01  9.105376e-03
3.200000e+01  3.300000e+01  8.967188e-03
3.300000e+01  3.400000e+01  8.731499e-03
3.400000e+01  3.500000e+01  9.202420e-03
3.500000e+01  3.600000e+01  8.718699e-03
3.600000e+01  3.700000e+01  7.745223e-03
3.700000e+01  3.800000e+01  7.705196e-03
3.800000e+01  3.900000e+01  7.767431e-03
3.900000e+01  4.000000e+01  7.129521e-03
4.000000e+01  4.100000e+01  7.784478e-03
4.100000e+01  4.200000e+01  7.517938e-03
4.200000e+01  4.300000e+01  7.338512e-03
4.300000e+01  4.400000e+01  7.072006e-03
4.400000e+01  4.500000e+01  7.105125e-03
4.500000e+01  4.600000e+01  6.530173e-03
4.600000e+01  4.700000e+01  6.591487e-03
4.700000e+01  4.800000e+01  6.711392e-03
4.800000e+01  4.900000e+01  6.856016e-03
4.900000e+01  5.000000e+01  5.912387e-03
5.000000e+01  5.100000e+01  6.460180e-03
5.100000e+01  5.200000e+01  7.089476e-03
5.200000e+01  5.300000e+01  6.243630e-03
5.300000e+01  5.400000e+01  6.557364e-03
5.400000e+01  5.500000e+01  6.432524e-03
5.500000e+01  5.600000e+01  6.566229e-03
5.600000e+01  5.700000e+01  5.814262e-03
5.700000e+01  5.800000e+01  6.500397e-03
5.800000e+01  5.900000e+01  5.549662e-03
5.900000e+01  6.000000e+01  5.759473e-03
6.000000e+01  6.100000e+01  5.390296e-03
6.100000e+01  6.200000e+01  5.625593e-03
6.200000e+01  6.300000e+01  5.377857e-03
6.300000e+01  6.400000e+01  4.849852e-03
6.400000e+01  6.500000e+01  5.380418e-03
6.500000e+01  6.600000e+01  4.705729e-03
6.600000e+01  6.700000e+01  4.916200e-03
6.700000e+01  6.800000e+01  4.551068e-03
6.800000e+01  6.900000e+01  4.802437e-03
6.900000e+01  7.000000e+01  4.920528e-03
7.000000e+01  7.100000e+01  4.495082e-03
7.100000e+01  7.200000e+01  5.312187e-03
7.200000e+01  7.300000e+01  3.856727e-03
7.300000e+01  7.400000e+01  4.284762e-03
7.400000e+01  7.500000e+01  4.179283e-03
7.500000e+01  7.600000e+01  4.086306e-03
7.600000e+01  7.700000e+01  4.229661e-03
7.700000e+01  7.800000e+01  4.635261e-03
7.800000e+01  7.900000e+01  4.091563e-03
7.900000e+01  8.000000e+01  4.334571e-03
8.000000e+01  8.100000e+01  3.499906e-03
8.100000e+01  8.200000e+01  3.948355e-03
8.200000e+01  8.300000e+01  3.783829e-03
8.300000e+01  8.400000e+01  3.712640e-03
8.400000e+01  8.500000e+01  3.301571e-03
8.500000e+01  8.600000e+01  3.650759e-03
8.600000e+01  8.700000e+01  4.451703e-03
8.700000e+01  8.800000e+01  3.381706e-03
8.800000e+01  8.900000e+01  3.463449e-03
8.900000e+01  9.000000e+01  2.992717e-03
9.000000e+01  9.100000e+01  3.424181e-03
9.100000e+01  9.200000e+01  2.867112e-03
9.200000e+01  9.300000e+01  3.327410e-03
9.300000e+01  9.400000e+01  3.229023e-03
9.400000e+01  9.500000e+01  3.198695e-03
9.500000e+01  9.600000e+01  3.224763e-03
9.600000e+01  9.700000e+01  3.530920e-03
9.700000e+01  9.800000e+01  3.313274e-03
9.800000e+01  9.900000e+01  2.478099e-03
9.900000e+01  1.000000e+02  2.926952e-03
1.000000e+02  1.010000e+02  2.372671e-03
1.010000e+02  1.020000e+02  2.226905e-03
1.020000e+02  1.030000e+02  2.541236e-03
1.030000e+02  1.040000e+02  2.586181e-03
1.040000e+02  1.050000e+02  2.297211e-03
1.050000e+02  1.060000e+02  2.353810e-03
1.060000e+02  1.070000e+02  2.357943e-03
1.070000e+02  1.080000e+02  2.471296e-03
1.080000e+02  1.090000e+02  2.848332e-03
1.090000e+02  1.100000e+02  2.192786e-03
1.100000e+02  1.110000e+02  1.928587e-03
1.110000e+02  1.120000e+02  1.980273e-03
1.120000e+02  1.130000e+02  2.018480e-03
1.130000e+02  1.140000e+02  2.455614e-03
1.140000e+02  1.150000e+02  1.821422e-03
1.150000e+02  1.160000e+02  1.921321e-03
1.160000e+02  1.170000e+02  1.976589e-03
1.170000e+02  1.180000e+02  1.933068e-03
1.180000e+02  1.190000e+02  2.194795e-03
1.190000e+02  1.200000e+02  2.104478e-03
1.200000e+02  1.210000e+02  1.680111e-03
1.210000e+02  1.220000e+02  1.846536e-03
1.220000e+02  1.230000e+02  1.603685e-03
1.230000e+02  1.240000e+02  2.014758e-03
1.240000e+02  1.250000e+02  1.197981e-03
1.250000e+02  1.260000e+02  1.140623e-03
1.260000e+02  1.270000e+02  1.805146e-03
1.270000e+02  1.280000e+02  1.815527e-03
1.280000e+02  1.290000e+02  1.563009e-03
1.290000e+02  1.300000e+02  1.378723e-03
1.300000e+02  1.310000e+02  1.461409e-03
1.310000e+02  1.320000e+02  1.560963e-03
1.320000e+02  1.330000e+02  1.696641e-03
1.330000e+02  1.340000e+02  1.502420e-03
1.340000e+02  1.350000e+02  1.369336e-03
1.350000e+02  1.360000e+02  1.383889e-03
1.360000e+02  1.370000e+02  1.482845e-03
1.370000e+02  1.380000e+02  1.278366e-03
1.380000e+02  1.390000e+02  1.115660e-03
1.390000e+02  1.400000e+02  1.090261e-03
1.400000e+02  1.410000e+02  1.171989e-03
1.410000e+02  1.420000e+02  1.471711e-03
1.420000e+02  1.430000e+02  1.188802e-03
1.430000e+02  1.440000e+02  1.459859e-03
1.440000e+02  1.450000e+02  1.274984e-03
1.450000e+02  1.460000e+02  1.160327e-03
1.460000e+02  1.470000e+02  1.104886e-03
1.470000e+02  1.480000e+02  1.143850e-03
1.480000e+02  1.490000e+02  9.460744e-04
1.490000e+02  1.500000e+02  1.122772e-03
1.500000e+02  1.510000e+02  9.925719e-04
1.510000e+02  1.520000e+02  1.251907e-03
1.520000e+02  1.530000e+02  8.511639e-04
1.530000e+02  1.540000e+02  1.456214e-03
1.540000e+02  1.550000e+02  9.719290e-04
1.550000e+02  1.560000e+02  1.299457e-03
1.560000e+02  1.570000e+02  1.223600e-03
1.570000e+02  1.580000e+02  5.113314e-04
1.580000e+02  1.590000e+02  8.843424e-04
1.590000e+02  1.600000e+02  9.477113e-04
1.600000e+02  1.610000e+02  4.809202e-04
1.610000e+02  1.620000e+02  6.607749e-04
1.620000e+02  1.630000e+02  7.382327e-04
1.630000e+02  1.640000e+02  1.103538e-03
1.640000e+02  1.650000e+02  7.715375e-04
1.650000e+02  1.660000e+02  9.301247e-04
1.660000e+02  1.670000e+02  7.735979e-04
1.670000e+02  1.680000e+02  6.526453e-04
1.680000e+02  1.690000e+02  6.874162e-04
1.690000e+02  1.700000e+02  8.097398e-04
1.700000e+02  1.710000e+02  6.568231e-04
1.710000e+02  1.720000e+02  7.589382e-04
1.720000e+02  1.730000e+02  6.497948e-04
1.730000e+02  1.740000e+02  6.792447e-04
1.740000e+02  1.750000e+02  6.757394e-04
1.750000e+02  1.760000e+02  9.013081e-04
1.760000e+02  1.770000e+02  4.120909e-04
1.770000e+02  1.780000e+02  8.003479e-04
1.780000e+02  1.790000e+02  7.487866e-04
1.790000e+02  1.800000e+02  5.945088e-04
1.800000e+02  1.810000e+02  8.027022e-04
1.810000e+02  1.820000e+02  5.297681e-04
1.820000e+02  1.830000e+02  4.495066e-04
1.830000e+02  1.840000e+02  6.975762e-04
1.840000e+02  1.850000e+02  7.031044e-04
1.850000e+02  1.860000e+02  5.874904e-04
1.860000e+02  1.870000e+02  6.401658e-04
1.870000e+02  1.880000e+02  4.868559e-04
1.880000e+02  1.890000e+02  6.053165e-04
1.890000e+02  1.900000e+02  4.970996e-04
1.900000e+02  1.910000e+02  3.072229e-04
1.910000e+02  1.920000e+02  4.547757e-04
1.920000e+02  1.930000e+02  4.534621e-04
1.930000e+02  1.940000e+02  4.047813e-04
1.940000e+02  1.950000e+02  4.467087e-04
1.950000e+02  1.960000e+02  5.699012e-04
1.960000e+02  1.970000e+02  5.546914e-04
1.970000e+02  1.980000e+02  3.581394e-04
1.980000e+02  1.990000e+02  3.087237e-04
1.990000e+02  2.000000e+02  3.365596e-04
2.000000e+02  2.010000e+02  4.525793e-04
2.010000e+02  2.020000e+02  2.662252e-04
2.020000e+02  2.030000e+02  2.729294e-04
2.030000e+02  2.040000e+02  4.789186e-04
2.040000e+02  2.050000e+02  2.674788e-04
2.050000e+02  2.060000e+02  3.028686e-04
2.060000e+02  2.070000e+02  3.734093e-04
2.070000e+02  2.080000e+02  1.588295e-04
2.080000e+02  2.090000e+02  2.719772e-04
2.090000e+02  2.100000e+02  1.395208e-04
2.100000e+02  2.110000e+02  3.817823e-04
2.110000e+02  2.120000e+02  5.506090e-04
2.120000e+02  2.130000e+02  3.009367e-04
2.130000e+02  2.140000e+02  3.920959e-04
2.140000e+02  2.150000e+02  3.678913e-04
2.150000e+02  2.160000e+02  2.905385e-04
2.160000e+02  2.170000e+02  1.652440e-04
2.170000e+02  2.180000e+02  2.073625e-04
2.180000e+02  2.190000e+02  4.441457e-04
2.190000e+02  2.200000e+02  5.322857e-04
2.200000e+02  2.210000e+02  3.482314e-04
2.210000e+02  2.220000e+02  1.777337e-04
2.220000e+02  2.230000e+02  1.778748e-04
2.230000e+02  2.240000e+02  2.857512e-04
2.240000e+02  2.250000e+02  3.066672e-04
2.250000e+02  2.260000e+02  2.834289e-04
2.260000e+02  2.270000e+02  2.112073e-04
2.270000e+02  2.280000e+02  4.826192e-05
2.280000e+02  2.290000e+02  1.225481e-04
2.290000e+02  2.300000e+02  2.510949e-04
2.300000e+02  2.310000e+02  2.605128e-04
2.310000e+02  2.320000e+02  2.100782e-04
2.320000e+02  2.330000e+02  1.334791e-04
2.330000e+02  2.340000e+02  1.592794e-04
2.340000e+02  2.350000e+02  1.354845e-04
2.350000e+02  2.360000e+02  2.502670e-04
2.360000e+02  2.370000e+02  1.686339e-04
2.370000e+02  2.380000e+02  1.222343e-04
2.380000e+02  2.390000e+02  1.318671e-04
2.390000e+02  2.400000e+02  2.214964e-04
2.400000e+02  2.410000e+02  2.262635e-04
2.410000e+02  2.420000e+02  1.345654e-04
2.420000e+02  2.430000e+02  2.208493e-04
2.430000e+02  2.440000e+02  1.408019e-04
2.440000e+02  2.450000e+02  1.813405e-04
2.450000e+02  2.460000e+02  2.125971e-04
2.460000e+02  2.470000e+02  1.310963e-04
2.470000e+02  2.480000e+02  2.822581e-05
2.480000e+02  2.490000e+02  2.156366e-04
2.490000e+02  2.500000e+02  4.353263e-05
