# lower_MeV  upper_MeV  weight
0.000000e+00  0.000000e+00  5.558079e+00
0.000000e+00  1.000000e+00  2.638448e+00
1.000000e+00  2.000000e+00  1.232515e+00
2.000000e+00  3.000000e+00  5.785235e-01
3.000000e+00  4.000000e+00  3.032982e-01
4.000000e+00  5.000000e+00  1.759926e-01
5.000000e+00  6.000000e+00  1.125230e-01
6.000000e+00  7.000000e+00  7.502561e-02
7.000000e+00  8.000000e+00  5.812206e-02
8.000000e+00  9.000000e+00  4.522470e-02
9.000000e+00  1.000000e+01  3.619675e-02
1.000000e+01  1.100000e+01  3.100229e-02
1.100000e+01  1.200000e+01  2.774660e-02
1.200000e+01  1.300000e+01  2.459577e-02
1.300000e+01  1.400000e+01  1.921387e-02
1.400000e+01  1.500000e+01  1.868333e-02
1.500000e+01  1.600000e+01  1.710986e-02
1.600000e+01  1.700000e+01  1.540351e-02
1.700000e+01  1.800000e+01  1.407904e-02
1.800000e+01  1.900000e+01  1.285006e-02
1.900000e+01  2.000000e+01  1.189345e-02
2.000000e+01  2.100000e+01  1.093373e-02
2.100000e+01  2.200000e+01  1.015152e-02
2.200000e+01  2.300000e+01  1.023638e-02
2.300000e+01  2.400000e+01  9.688839e-03
2.400000e+01  2.500000e+01  9.440281e-03
2.500000e+01  2.600000e+01  7.776493e-03
2.600000e+01  2.700000e+01  7.699470e-03
2.700000e+01  2.800000e+01  7.872010e-03
2.800000e+01  2.900000e+01  7.179427e-03
2.900000e+01  3.000000e+01  7.959031e-03
3.000000e+01  3.100000e+01  7.239630e-03
3.100000e+01  3.200000e+01  6.971602e-03
3.200000e+01  3.300000e+01  6.189140e-03
3.300000e+01  3.400000e+01  6.466180e-03
3.400000e+01  3.500000e+01  6.630806e-03
3.500000e+01  3.600000e+01  6.441116e-03
3.600000e+01  3.700000e+01  5.540359e-03
3.700000e+01  3.800000e+01  5.901140e-03
3.800000e+01  3.900000e+01  5.417855e-03
3.900000e+01  4.000000e+01  4.902877e-03
4.000000e+01  4.100000e+01  5.758690e-03
4.100000e+01  4.200000e+01  5.514796e-03
4.200000e+01  4.300000e+01  5.511603e-03
4.300000e+01  4.400000e+01  4.866418e-03
4.400000e+01  4.500000e+01  5.421902e-03
4.500000e+01  4.600000e+01  4.739236e-03
4.600000e+01  4.700000e+01  4.980833e-03
4.700000e+01  4.800000e+01  5.055770e-03
4.800000e+01  4.900000e+01  5.031048e-03
4.900000e+01  5.000000e+01  4.450199e-03
5.000000e+01  5.100000e+01  4.884610e-03
5.100000e+01  5.200000e+01  5.072312e-03
5.200000e+01  5.300000e+01  4.461144e-03
5.300000e+01  5.400000e+01  4.590459e-03
5.400000e+01  5.500000e+01  4.705349e-03
5.500000e+01  5.600000e+01  5.032304e-03
5.600000e+01  5.700000e+01  4.292203e-03
5.700000e+01  5.800000e+01  5.000840e-03
5.800000e+01  5.900000e+01  3.989459e-03
5.900000e+01  6.000000e+01  4.254852e-03
6.000000e+01  6.100000e+01  3.841098e-03
6.100000e+01  6.200000e+01  4.050077e-03
6.200000e+01  6.300000e+01  3.962541e-03
6.300000e+01  6.400000e+01  3.614641e-03
6.400000e+01  6.500000e+01  3.927754e-03
6.500000e+01  6.600000e+01  3.402796e-03
6.600000e+01  6.700000e+01  3.560758e-03
6.700000e+01  6.800000e+01  3.329551e-03
6.800000e+01  6.900000e+01  3.475789e-03
6.900000e+01  7.000000e+01  3.672423e-03
7.000000e+01  7.100000e+01  3.381108e-03
7.100000e+01  7.200000e+01  3.887272e-03
7.200000e+01  7.300000e+01  2.867838e-03
7.300000e+01  7.400000e+01  3.101485e-03
7.400000e+01  7.500000e+01  3.254538e-03
7.500000e+01  7.600000e+01  2.886175e-03
7.600000e+01  7.700000e+01  3.071938e-03
7.700000e+01  7.800000e+01  3.559327e-03
7.800000e+01  7.900000e+01  2.997835e-03
7.900000e+01  8.000000e+01  3.401705e-03
8.000000e+01  8.100000e+01  2.549980e-03
8.100000e+01  8.200000e+01  3.012565e-03
8.200000e+01  8.300000e+01  2.910312e-03
8.300000e+01  8.400000e+01  2.996662e-03
8.400000e+01  8.500000e+01  2.649779e-03
8.500000e+01  8.600000e+01  2.846059e-03
8.600000e+01  8.700000e+01  3.310896e-03
8.700000e+01  8.800000e+01  2.534038e-03
8.800000e+01  8.900000e+01  2.603422e-03
8.900000e+01  9.000000e+01  2.257152e-03
9.000000e+01  9.100000e+01  2.642024e-03
9.100000e+01  9.200000e+01  2.041456e-03
9.200000e+01  9.300000e+01  2.439754e-03
9.300000e+01  9.400000e+01  2.455398e-03
9.400000e+01  9.500000e+01  2.350864e-03
9.500000e+01  9.600000e+01  2.499463e-03
9.600000e+01  9.700000e+01  2.694559e-03
9.700000e+01  9.800000e+01  2.562141e-03
9.800000e+01  9.900000e+01  1.895575e-03
9.900000e+01  1.000000e+02  2.101543e-03
1.000000e+02  1.010000e+02  1.734729e-03
1.010000e+02  1.020000e+02  1.634044e-03
1.020000e+02  1.030000e+02  1.903481e-03
1.030000e+02  1.040000e+02  1.934143e-03
1.040000e+02  1.050000e+02  1.705262e-03
1.050000e+02  1.060000e+02  1.726425e-03
1.060000e+02  1.070000e+02  1.791496e-03
1.070000e+02  1.080000e+02  1.858768e-03
1.080000e+02  1.090000e+02  2.258066e-03
1.090000e+02  1.100000e+02  1.585363e-03
1.100000e+02  1.110000e+02  1.438957e-03
1.110000e+02  1.120000e+02  1.290497e-03
1.120000e+02  1.130000e+02  1.613391e-03
1.130000e+02  1.140000e+02  1.942851e-03
1.140000e+02  1.150000e+02  1.272359e-03
1.150000e+02  1.160000e+02  1.405684e-03
1.160000e+02  1.170000e+02  1.594822e-03
1.170000e+02  1.180000e+02  1.277873e-03
1.180000e+02  1.190000e+02  1.713764e-03
1.190000e+02  1.200000e+02  1.610945e-03
1.200000e+02  1.210000e+02  1.246406e-03
1.210000e+02  1.220000e+02  1.342322e-03
1.220000e+02  1.230000e+02  1.313983e-03
1.230000e+02  1.240000e+02  1.512240e-03
1.240000e+02  1.250000e+02  9.190852e-04
1.250000e+02  1.260000e+02  7.848289e-04
1.260000e+02  1.270000e+02  1.395936e-03
1.270000e+02  1.280000e+02  1.334723e-03
1.280000e+02  1.290000e+02  1.062148e-03
1.290000e+02  1.300000e+02  9.779850e-04
1.300000e+02  1.310000e+02  1.079004e-03
1.310000e+02  1.320000e+02  1.210796e-03
1.320000e+02  1.330000e+02  1.215831e-03
1.330000e+02  1.340000e+02  1.073509e-03
1.340000e+02  1.350000e+02  9.803524e-04
1.350000e+02  1.360000e+02  1.042168e-03
1.360000e+02  1.370000e+02  1.123320e-03
1.370000e+02  1.380000e+02  1.086171e-03
1.380000e+02  1.390000e+02  9.242279e-04
1.390000e+02  1.400000e+02  7.012140e-04
1.400000e+02  1.410000e+02  8.756551e-04
1.410000e+02  1.420000e+02  1.188607e-03
1.420000e+02  1.430000e+02  8.894548e-04
1.430000e+02  1.440000e+02  1.024521e-03
1.440000e+02  1.450000e+02  1.025335e-03
1.450000e+02  1.460000e+02  7.883988e-04
1.460000e+02  1.470000e+02  7.262495e-04
1.470000e+02  1.480000e+02  9.786085e-04
1.480000e+02  1.490000e+02  6.567208e-04
1.490000e+02  1.500000e+02  8.126082e-04
1.500000e+02  1.510000e+02  7.754256e-04
1.510000e+02  1.520000e+02  8.847356e-04
1.520000e+02  1.530000e+02  6.438920e-04
1.530000e+02  1.540000e+02  9.179208e-04
1.540000e+02  1.550000e+02  7.900340e-04
1.550000e+02  1.560000e+02  1.144712e-03
1.560000e+02  1.570000e+02  7.801220e-04
1.570000e+02  1.580000e+02  3.710265e-04
1.580000e+02  1.590000e+02  6.542266e-04
1.590000e+02  1.600000e+02  6.683506e-04
1.600000e+02  1.610000e+02  3.120524e-04
1.610000e+02  1.620000e+02  3.253901e-04
1.620000e+02  1.630000e+02  5.456277e-04
1.630000e+02  1.640000e+02  8.017399e-04
1.640000e+02  1.650000e+02  5.875965e-04
1.650000e+02  1.660000e+02  6.570080e-04
1.660000e+02  1.670000e+02  5.743240e-04
1.670000e+02  1.680000e+02  5.615799e-04
1.680000e+02  1.690000e+02  4.052752e-04
1.690000e+02  1.700000e+02  6.616605e-04
1.700000e+02  1.710000e+02  5.389386e-04
1.710000e+02  1.720000e+02  6.429175e-04
1.720000e+02  1.730000e+02  5.197450e-04
1.730000e+02  1.740000e+02  4.960842e-04
1.740000e+02  1.750000e+02  5.474600e-04
1.750000e+02  1.760000e+02  7.388076e-04
1.760000e+02  1.770000e+02  2.822156e-04
1.770000e+02  1.780000e+02  5.244538e-04
1.780000e+02  1.790000e+02  5.369360e-04
1.790000e+02  1.800000e+02  4.766539e-04
1.800000e+02  1.810000e+02  5.061046e-04
1.810000e+02  1.820000e+02  3.541348e-04
1.820000e+02  1.830000e+02  3.337034e-04
1.830000e+02  1.840000e+02  5.022136e-04
1.840000e+02  1.850000e+02  5.106761e-04
1.850000e+02  1.860000e+02  3.513618e-04
1.860000e+02  1.870000e+02  5.028305e-04
1.870000e+02  1.880000e+02  3.443465e-04
1.880000e+02  1.890000e+02  4.754698e-04
1.890000e+02  1.900000e+02  3.892657e-04
1.900000e+02  1.910000e+02  2.406740e-04
1.910000e+02  1.920000e+02  3.795195e-04
1.920000e+02  1.930000e+02  3.555510e-04
1.930000e+02  1.940000e+02  2.746746e-04
1.940000e+02  1.950000e+02  2.952630e-04
1.950000e+02  1.960000e+02  4.702677e-04
1.960000e+02  1.970000e+02  2.916326e-04
1.970000e+02  1.980000e+02  2.531520e-04
1.980000e+02  1.990000e+02  1.994964e-04
1.990000e+02  2.000000e+02  2.354378e-04
2.000000e+02  2.010000e+02  3.160090e-04
2.010000e+02  2.020000e+02  1.809754e-04
2.020000e+02  2.030000e+02  2.282883e-04
2.030000e+02  2.040000e+02  3.834932e-04
2.040000e+02  2.050000e+02  2.235842e-04
2.050000e+02  2.060000e+02  1.524181e-04
2.060000e+02  2.070000e+02  3.557865e-04
2.070000e+02  2.080000e+02  7.038612e-05
2.080000e+02  2.090000e+02  2.284182e-04
2.090000e+02  2.100000e+02  1.341045e-04
2.100000e+02  2.110000e+02  1.719450e-04
2.110000e+02  2.120000e+02  4.784876e-04
2.120000e+02  2.130000e+02  1.801019e-04
2.130000e+02  2.140000e+02  3.005004e-04
2.140000e+02  2.150000e+02  2.293232e-04
2.150000e+02  2.160000e+02  1.929211e-04
2.160000e+02  2.170000e+02  1.576508e-04
2.170000e+02  2.180000e+02  3.676059e-05
2.180000e+02  2.190000e+02  4.032594e-04
2.190000e+02  2.200000e+02  3.110149e-04
2.200000e+02  2.210000e+02  3.461777e-04
2.210000e+02  2.220000e+02  1.442330e-04
2.220000e+02  2.230000e+02  1.412737e-04
2.230000e+02  2.240000e+02  1.310871e-04
2.240000e+02  2.250000e+02  2.152316e-04
2.250000e+02  2.260000e+02  1.953947e-04
2.260000e+02  2.270000e+02  1.701301e-04
2.270000e+02  2.280000e+02  2.375969e-05
2.280000e+02  2.290000e+02  8.533467e-05
2.290000e+02  2.300000e+02  1.947307e-04
2.300000e+02  2.310000e+02  2.455532e-04
2.310000e+02  2.320000e+02  1.366250e-04
2.320000e+02  2.330000e+02  1.333747e-04
2.330000e+02  2.340000e+02  1.088834e-04
2.340000e+02  2.350000e+02  8.595895e-05
2.350000e+02  2.360000e+02  1.744696e-04
2.360000e+02  2.370000e+02  8.974353e-05
2.370000e+02  2.380000e+02  8.681599e-05
2.380000e+02  2.390000e+02  5.265894e-05
2.390000e+02  2.400000e+02  1.662524e-04
2.400000e+02  2.410000e+02  1.751894e-04
2.410000e+02  2.420000e+02  8.880463e-05
2.420000e+02  2.430000e+02  2.081325e-04
2.430000e+02  2.440000e+02  1.281611e-04
2.440000e+02  2.450000e+02  9.413030e-05
2.450000e+02  2.460000e+02  1.981632e-04
2.460000e+02  2.470000e+02  1.276989e-04
2.470000e+02  2.480000e+02  2.694501e-05
2.480000e+02  2.490000e+02  2.086700e-04
2.490000e+02  2.500000e+02  4.361311e-05
