# lower_MeV  upper_MeV  weight
0.000000e+00  0.000000e+00  9.598141e+00
0.000000e+00  1.000000e+00  4.118058e+00
1.000000e+00  2.000000e+00  1.902531e+00
2.000000e+00  3.000000e+00  8.939118e-01
3.000000e+00  4.000000e+00  4.703619e-01
4.000000e+00  5.000000e+00  2.703356e-01
5.000000e+00  6.000000e+00  1.768268e-01
6.000000e+00  7.000000e+00  1.205516e-01
7.000000e+00  8.000000e+00  9.364589e-02
8.000000e+00  9.000000e+00  7.244702e-02
9.000000e+00  1.000000e+01  5.822614e-02
1.000000e+01  1.100000e+01  4.962688e-02
1.100000e+01  1.200000e+01  4.285087e-02
1.200000e+01  1.300000e+01  3.669903e-02
1.300000e+01  1.400000e+01  3.118708e-02
1.400000e+01  1.500000e+01  2.874414e-02
1.500000e+01  1.600000e+01  2.587446e-02
1.600000e+01  1.700000e+01  2.449431e-02
1.700000e+01  1.800000e+01  2.102502e-02
1.800000e+01  1.900000e+01  1.917125e-02
1.900000e+01  2.000000e+01  1.745139e-02
2.000000e+01  2.100000e+01  1.568228e-02
2.100000e+01  2.200000e+01  1.487671e-02
2.200000e+01  2.300000e+01  1.497472e-02
2.300000e+01  2.400000e+01  1.425545e-02
2.400000e+01  2.500000e+01  1.384092e-02
2.500000e+01  2.600000e+01  1.250307e-02
2.600000e+01  2.700000e+01  1.166962e-02
2.700000e+01  2.800000e+01  1.199104e-02
2.800000e+01  2.900000e+01  1.090855e-02
2.900000e+01  3.000000e+01  1.112094e-02
3.000000e+01  3.100000e+01  1.107421e-02
3.100000e+01  3.200000e+01  1.008967e-02
3.200000e+01  3.300000e+01  9.729276e-03
3.300000e+01  3.400000e+01  9.746031e-03
3.400000e+01  3.500000e+01  9.799983e-03
3.500000e+01  3.600000e+01  9.437345e-03
3.600000e+01  3.700000e+01  8.390666e-03
3.700000e+01  3.800000e+01  8.274086e-03
3.800000e+01  3.900000e+01  8.435695e-03
3.900000e+01  4.000000e+01  7.820699e-03
4.000000e+01  4.100000e+01  8.341519e-03
4.100000e+01  4.200000e+01  8.136351e-03
4.200000e+01  4.300000e+01  8.046099e-03
4.300000e+01  4.400000e+01  7.780983e-03
4.400000e+01  4.500000e+01  7.622167e-03
4.500000e+01  4.600000e+01  7.159103e-03
4.600000e+01  4.700000e+01  7.343589e-03
4.700000e+01  4.800000e+01  7.493598e-03
4.800000e+01  4.900000e+01  7.370494e-03
4.900000e+01  5.000000e+01  6.312435e-03
5.000000e+01  5.100000e+01  7.145442e-03
5.100000e+01  5.200000e+01  7.676621e-03
5.200000e+01  5.300000e+01  6.936572e-03
5.300000e+01  5.400000e+01  7.009494e-03
5.400000e+01  5.500000e+01  6.908766e-03
5.500000e+01  5.600000e+01  7.116744e-03
5.600000e+01  5.700000e+01  6.260473e-03
5.700000e+01  5.800000e+01  7.033819e-03
5.800000e+01  5.900000e+01  6.011031e-03
5.900000e+01  6.000000e+01  6.192872e-03
6.000000e+01  6.100000e+01  5.984595e-03
6.100000e+01  6.200000e+01  6.090978e-03
6.200000e+01  6.300000e+01  5.857095e-03
6.300000e+01  6.400000e+01  5.462628e-03
6.400000e+01  6.500000e+01  5.764504e-03
6.500000e+01  6.600000e+01  5.209875e-03
6.600000e+01  6.700000e+01  5.397288e-03
6.700000e+01  6.800000e+01  4.985659e-03
6.800000e+01  6.900000e+01  5.222722e-03
6.900000e+01  7.000000e+01  5.334346e-03
7.000000e+01  7.100000e+01  4.749686e-03
7.100000e+01  7.200000e+01  5.706096e-03
7.200000e+01  7.300000e+01  4.208375e-03
7.300000e+01  7.400000e+01  4.630494e-03
7.400000e+01  7.500000e+01  4.437666e-03
7.500000e+01  7.600000e+01  4.552489e-03
7.600000e+01  7.700000e+01  4.661132e-03
7.700000e+01  7.800000e+01  5.056493e-03
7.800000e+01  7.900000e+01  4.461414e-03
7.900000e+01  8.000000e+01  4.724717e-03
8.000000e+01  8.100000e+01  3.829497e-03
8.100000e+01  8.200000e+01  4.157442e-03
8.200000e+01  8.300000e+01  3.989221e-03
8.300000e+01  8.400000e+01  4.022575e-03
8.400000e+01  8.500000e+01  3.554834e-03
8.500000e+01  8.600000e+01  3.909764e-03
8.600000e+01  8.700000e+01  4.781785e-03
8.700000e+01  8.800000e+01  3.634352e-03
8.800000e+01  8.900000e+01  3.691628e-03
8.900000e+01  9.000000e+01  3.284091e-03
9.000000e+01  9.100000e+01  3.803345e-03
9.100000e+01  9.200000e+01  3.019616e-03
9.200000e+01  9.300000e+01  3.665914e-03
9.300000e+01  9.400000e+01  3.515892e-03
9.400000e+01  9.500000e+01  3.520567e-03
9.500000e+01  9.600000e+01  3.423325e-03
9.600000e+01  9.700000e+01  3.759294e-03
9.700000e+01  9.800000e+01  3.714963e-03
9.800000e+01  9.900000e+01  2.733253e-03
9.900000e+01  1.000000e+02  3.323352e-03
1.000000e+02  1.010000e+02  2.489862e-03
1.010000e+02  1.020000e+02  2.354917e-03
1.020000e+02  1.030000e+02  2.669256e-03
1.030000e+02  1.040000e+02  2.873469e-03
1.040000e+02  1.050000e+02  2.458786e-03
1.050000e+02  1.060000e+02  2.522686e-03
1.060000e+02  1.070000e+02  2.597024e-03
1.070000e+02  1.080000e+02  2.637434e-03
1.080000e+02  1.090000e+02  2.982691e-03
1.090000e+02  1.100000e+02  2.340377e-03
1.100000e+02  1.110000e+02  2.103945e-03
1.110000e+02  1.120000e+02  2.094609e-03
1.120000e+02  1.130000e+02  2.124878e-03
1.130000e+02  1.140000e+02  2.538142e-03
1.140000e+02  1.150000e+02  1.974594e-03
1.150000e+02  1.160000e+02  2.024463e-03
1.160000e+02  1.170000e+02  2.169783e-03
1.170000e+02  1.180000e+02  2.234756e-03
1.180000e+02  1.190000e+02  2.346047e-03
1.190000e+02  1.200000e+02  2.258679e-03
1.200000e+02  1.210000e+02  1.926219e-03
1.210000e+02  1.220000e+02  2.084906e-03
1.220000e+02  1.230000e+02  1.709545e-03
1.230000e+02  1.240000e+02  2.187397e-03
1.240000e+02  1.250000e+02  1.357571e-03
1.250000e+02  1.260000e+02  1.335469e-03
1.260000e+02  1.270000e+02  1.906004e-03
1.270000e+02  1.280000e+02  1.945293e-03
1.280000e+02  1.290000e+02  1.624331e-03
1.290000e+02  1.300000e+02  1.561406e-03
1.300000e+02  1.310000e+02  1.563835e-03
1.310000e+02  1.320000e+02  1.630490e-03
1.320000e+02  1.330000e+02  1.722747e-03
1.330000e+02  1.340000e+02  1.598633e-03
1.340000e+02  1.350000e+02  1.597634e-03
1.350000e+02  1.360000e+02  1.517645e-03
1.360000e+02  1.370000e+02  1.637223e-03
1.370000e+02  1.380000e+02  1.327701e-03
1.380000e+02  1.390000e+02  1.230216e-03
1.390000e+02  1.400000e+02  1.169120e-03
1.400000e+02  1.410000e+02  1.253303e-03
1.410000e+02  1.420000e+02  1.524747e-03
1.420000e+02  1.430000e+02  1.255831e-03
1.430000e+02  1.440000e+02  1.584753e-03
1.440000e+02  1.450000e+02  1.391598e-03
1.450000e+02  1.460000e+02  1.263489e-03
1.460000e+02  1.470000e+02  1.224934e-03
1.470000e+02  1.480000e+02  1.351912e-03
1.480000e+02  1.490000e+02  1.029583e-03
1.490000e+02  1.500000e+02  1.183649e-03
1.500000e+02  1.510000e+02  1.063813e-03
1.510000e+02  1.520000e+02  1.313431e-03
1.520000e+02  1.530000e+02  9.475367e-04
1.530000e+02  1.540000e+02  1.486514e-03
1.540000e+02  1.550000e+02  1.049234e-03
1.550000e+02  1.560000e+02  1.342838e-03
1.560000e+02  1.570000e+02  1.258682e-03
1.570000e+02  1.580000e+02  6.016344e-04
1.580000e+02  1.590000e+02  9.679812e-04
1.590000e+02  1.600000e+02  1.010597e-03
1.600000e+02  1.610000e+02  4.937478e-04
1.610000e+02  1.620000e+02  7.493938e-04
1.620000e+02  1.630000e+02  7.711780e-04
1.630000e+02  1.640000e+02  1.232020e-03
1.640000e+02  1.650000e+02  8.254427e-04
1.650000e+02  1.660000e+02  9.943995e-04
1.660000e+02  1.670000e+02  8.214197e-04
1.670000e+02  1.680000e+02  7.192919e-04
1.680000e+02  1.690000e+02  7.440802e-04
1.690000e+02  1.700000e+02  8.407193e-04
1.700000e+02  1.710000e+02  6.623504e-04
1.710000e+02  1.720000e+02  8.716000e-04
1.720000e+02  1.730000e+02  7.271992e-04
1.730000e+02  1.740000e+02  7.143747e-04
1.740000e+02  1.750000e+02  7.129101e-04
1.750000e+02  1.760000e+02  9.871261e-04
1.760000e+02  1.770000e+02  4.191314e-04
1.770000e+02  1.780000e+02  8.812561e-04
1.780000e+02  1.790000e+02  7.594202e-04
1.790000e+02  1.800000e+02  6.193034e-04
1.800000e+02  1.810000e+02  8.338208e-04
1.810000e+02  1.820000e+02  6.489134e-04
1.820000e+02  1.830000e+02  5.009810e-04
1.830000e+02  1.840000e+02  7.674038e-04
1.840000e+02  1.850000e+02  7.520491e-04
1.850000e+02  1.860000e+02  6.328338e-04
1.860000e+02  1.870000e+02  7.757196e-04
1.870000e+02  1.880000e+02  5.145533e-04
1.880000e+02  1.890000e+02  6.798839e-04
1.890000e+02  1.900000e+02  5.376947e-04
1.900000e+02  1.910000e+02  3.479906e-04
1.910000e+02  1.920000e+02  4.830792e-04
1.920000e+02  1.930000e+02  4.540222e-04
1.930000e+02  1.940000e+02  4.558368e-04
1.940000e+02  1.950000e+02  4.723082e-04
1.950000e+02  1.960000e+02  5.828009e-04
1.960000e+02  1.970000e+02  5.779398e-04
1.970000e+02  1.980000e+02  3.803361e-04
1.980000e+02  1.990000e+02  3.331384e-04
1.990000e+02  2.000000e+02  3.877037e-04
2.000000e+02  2.010000e+02  5.285718e-04
2.010000e+02  2.020000e+02  2.876169e-04
2.020000e+02  2.030000e+02  2.858195e-04
2.030000e+02  2.040000e+02  4.979420e-04
2.040000e+02  2.050000e+02  2.682590e-04
2.050000e+02  2.060000e+02  3.606706e-04
2.060000e+02  2.070000e+02  4.583121e-04
2.070000e+02  2.080000e+02  1.731696e-04
2.080000e+02  2.090000e+02  3.010825e-04
2.090000e+02  2.100000e+02  1.395682e-04
2.100000e+02  2.110000e+02  3.969116e-04
2.110000e+02  2.120000e+02  5.851765e-04
2.120000e+02  2.130000e+02  3.412282e-04
2.130000e+02  2.140000e+02  4.166887e-04
2.140000e+02  2.150000e+02  3.670329e-04
2.150000e+02  2.160000e+02  3.359442e-04
2.160000e+02  2.170000e+02  1.671441e-04
2.170000e+02  2.180000e+02  2.214084e-04
2.180000e+02  2.190000e+02  4.814292e-04
2.190000e+02  2.200000e+02  5.353238e-04
2.200000e+02  2.210000e+02  3.614392e-04
2.210000e+02  2.220000e+02  1.885965e-04
2.220000e+02  2.230000e+02  2.175939e-04
2.230000e+02  2.240000e+02  3.066743e-04
2.240000e+02  2.250000e+02  3.718014e-04
2.250000e+02  2.260000e+02  2.831198e-04
2.260000e+02  2.270000e+02  2.361007e-04
2.270000e+02  2.280000e+02  4.978012e-05
2.280000e+02  2.290000e+02  1.416218e-04
2.290000e+02  2.300000e+02  3.077176e-04
2.300000e+02  2.310000e+02  2.601572e-04
2.310000e+02  2.320000e+02  2.559770e-04
2.320000e+02  2.330000e+02  1.331217e-04
2.330000e+02  2.340000e+02  1.602558e-04
2.340000e+02  2.350000e+02  1.417731e-04
2.350000e+02  2.360000e+02  2.505404e-04
2.360000e+02  2.370000e+02  1.695586e-04
2.370000e+02  2.380000e+02  1.292485e-04
2.380000e+02  2.390000e+02  1.312004e-04
2.390000e+02  2.400000e+02  2.265535e-04
2.400000e+02  2.410000e+02  2.531367e-04
2.410000e+02  2.420000e+02  1.681265e-04
2.420000e+02  2.430000e+02  2.463488e-04
2.430000e+02  2.440000e+02  1.707695e-04
2.440000e+02  2.450000e+02  2.089815e-04
2.450000e+02  2.460000e+02  2.388106e-04
2.460000e+02  2.470000e+02  1.317912e-04
2.470000e+02  2.480000e+02  5.724842e-05
2.480000e+02  2.490000e+02  2.517477e-04
2.490000e+02  2.500000e+02  4.359381e-05
