# lower_MeV  upper_MeV  weight
0.000000e+00  0.000000e+00  6.184064e+00
0.000000e+00  1.000000e+00  2.865238e+00
1.000000e+00  2.000000e+00  1.335358e+00
2.000000e+00  3.000000e+00  6.269778e-01
3.000000e+00  4.000000e+00  3.287575e-01
4.000000e+00  5.000000e+00  1.904326e-01
5.000000e+00  6.000000e+00  1.224421e-01
6.000000e+00  7.000000e+00  8.205313e-02
7.000000e+00  8.000000e+00  6.315695e-02
8.000000e+00  9.000000e+00  4.929882e-02
9.000000e+00  1.000000e+01  3.967739e-02
1.000000e+01  1.100000e+01  3.391780e-02
1.100000e+01  1.200000e+01  3.029493e-02
1.200000e+01  1.300000e+01  2.649631e-02
1.300000e+01  1.400000e+01  2.111110e-02
1.400000e+01  1.500000e+01  2.054064e-02
1.500000e+01  1.600000e+01  1.854200e-02
1.600000e+01  1.700000e+01  1.672724e-02
1.700000e+01  1.800000e+01  1.516186e-02
1.800000e+01  1.900000e+01  1.395442e-02
1.900000e+01  2.000000e+01  1.272298e-02
2.000000e+01  2.100000e+01  1.191164e-02
2.100000e+01  2.200000e+01  1.080210e-02
2.200000e+01  2.300000e+01  1.101250e-02
2.300000e+01  2.400000e+01  1.048615e-02
2.400000e+01  2.500000e+01  1.019968e-02
2.500000e+01  2.600000e+01  8.416121e-03
2.600000e+01  2.700000e+01  8.378830e-03
2.700000e+01  2.800000e+01  8.451945e-03
2.800000e+01  2.900000e+01  7.860430e-03
2.900000e+01  3.000000e+01  8.337251e-03
3.000000e+01  3.100000e+01  7.915876e-03
3.100000e+01  3.200000e+01  7.412896e-03
3.200000e+01  3.300000e+01  6.865560e-03
3.300000e+01  3.400000e+01  6.899974e-03
3.400000e+01  3.500000e+01  7.322823e-03
3.500000e+01  3.600000e+01  6.900346e-03
3.600000e+01  3.700000e+01  6.050013e-03
3.700000e+01  3.800000e+01  6.317967e-03
3.800000e+01  3.900000e+01  5.797175e-03
3.900000e+01  4.000000e+01  5.332294e-03
4.000000e+01  4.100000e+01  6.232949e-03
4.100000e+01  4.200000e+01  5.944711e-03
4.200000e+01  4.300000e+01  5.915515e-03
4.300000e+01  4.400000e+01  5.320577e-03
4.400000e+01  4.500000e+01  5.789232e-03
4.500000e+01  4.600000e+01  5.083233e-03
4.600000e+01  4.700000e+01  5.362114e-03
4.700000e+01  4.800000e+01  5.313974e-03
4.800000e+01  4.900000e+01  5.346508e-03
4.900000e+01  5.000000e+01  4.760230e-03
5.000000e+01  5.100000e+01  5.195294e-03
5.100000e+01  5.200000e+01  5.397057e-03
5.200000e+01  5.300000e+01  4.829883e-03
5.300000e+01  5.400000e+01  5.112892e-03
5.400000e+01  5.500000e+01  5.050098e-03
5.500000e+01  5.600000e+01  5.287760e-03
5.600000e+01  5.700000e+01  4.688280e-03
5.700000e+01  5.800000e+01  5.265052e-03
5.800000e+01  5.900000e+01  4.299887e-03
5.900000e+01  6.000000e+01  4.555747e-03
6.000000e+01  6.100000e+01  4.142047e-03
6.100000e+01  6.200000e+01  4.394072e-03
6.200000e+01  6.300000e+01  4.258646e-03
6.300000e+01  6.400000e+01  3.906743e-03
6.400000e+01  6.500000e+01  4.242533e-03
6.500000e+01  6.600000e+01  3.732050e-03
6.600000e+01  6.700000e+01  3.861186e-03
6.700000e+01  6.800000e+01  3.598330e-03
6.800000e+01  6.900000e+01  3.748505e-03
6.900000e+01  7.000000e+01  3.837358e-03
7.000000e+01  7.100000e+01  3.617667e-03
7.100000e+01  7.200000e+01  4.183845e-03
7.200000e+01  7.300000e+01  3.033126e-03
7.300000e+01  7.400000e+01  3.296301e-03
7.400000e+01  7.500000e+01  3.517352e-03
7.500000e+01  7.600000e+01  3.176411e-03
7.600000e+01  7.700000e+01  3.359946e-03
7.700000e+01  7.800000e+01  3.775735e-03
7.800000e+01  7.900000e+01  3.298036e-03
7.900000e+01  8.000000e+01  3.682517e-03
8.000000e+01  8.100000e+01  2.706857e-03
8.100000e+01  8.200000e+01  3.179644e-03
8.200000e+01  8.300000e+01  3.080356e-03
8.300000e+01  8.400000e+01  3.180771e-03
8.400000e+01  8.500000e+01  2.783706e-03
8.500000e+01  8.600000e+01  3.139970e-03
8.600000e+01  8.700000e+01  3.621116e-03
8.700000e+01  8.800000e+01  2.739650e-03
8.800000e+01  8.900000e+01  2.799802e-03
8.900000e+01  9.000000e+01  2.381853e-03
9.000000e+01  9.100000e+01  2.765491e-03
9.100000e+01  9.200000e+01  2.220997e-03
9.200000e+01  9.300000e+01  2.635190e-03
9.300000e+01  9.400000e+01  2.658322e-03
9.400000e+01  9.500000e+01  2.556902e-03
9.500000e+01  9.600000e+01  2.630400e-03
9.600000e+01  9.700000e+01  2.847985e-03
9.700000e+01  9.800000e+01  2.654742e-03
9.800000e+01  9.900000e+01  1.991891e-03
9.900000e+01  1.000000e+02  2.273726e-03
1.000000e+02  1.010000e+02  1.915052e-03
1.010000e+02  1.020000e+02  1.744738e-03
1.020000e+02  1.030000e+02  2.077395e-03
1.030000e+02  1.040000e+02  2.103256e-03
1.040000e+02  1.050000e+02  1.755996e-03
1.050000e+02  1.060000e+02  1.881697e-03
1.060000e+02  1.070000e+02  1.884045e-03
1.070000e+02  1.080000e+02  2.042320e-03
1.080000e+02  1.090000e+02  2.356163e-03
1.090000e+02  1.100000e+02  1.833087e-03
1.100000e+02  1.110000e+02  1.585986e-03
1.110000e+02  1.120000e+02  1.427293e-03
1.120000e+02  1.130000e+02  1.636964e-03
1.130000e+02  1.140000e+02  2.032912e-03
1.140000e+02  1.150000e+02  1.438566e-03
1.150000e+02  1.160000e+02  1.566426e-03
1.160000e+02  1.170000e+02  1.673424e-03
1.170000e+02  1.180000e+02  1.360223e-03
1.180000e+02  1.190000e+02  1.876888e-03
1.190000e+02  1.200000e+02  1.745480e-03
1.200000e+02  1.210000e+02  1.316192e-03
1.210000e+02  1.220000e+02  1.424554e-03
1.220000e+02  1.230000e+02  1.366565e-03
1.230000e+02  1.240000e+02  1.569618e-03
1.240000e+02  1.250000e+02  9.360031e-04
1.250000e+02  1.260000e+02  8.682845e-04
1.260000e+02  1.270000e+02  1.503708e-03
1.270000e+02  1.280000e+02  1.473031e-03
1.280000e+02  1.290000e+02  1.159926e-03
1.290000e+02  1.300000e+02  1.092147e-03
1.300000e+02  1.310000e+02  1.214281e-03
1.310000e+02  1.320000e+02  1.239798e-03
1.320000e+02  1.330000e+02  1.288500e-03
1.330000e+02  1.340000e+02  1.158887e-03
1.340000e+02  1.350000e+02  1.057343e-03
1.350000e+02  1.360000e+02  1.082205e-03
1.360000e+02  1.370000e+02  1.239562e-03
1.370000e+02  1.380000e+02  1.142030e-03
1.380000e+02  1.390000e+02  9.667942e-04
1.390000e+02  1.400000e+02  7.567926e-04
1.400000e+02  1.410000e+02  9.443397e-04
1.410000e+02  1.420000e+02  1.231816e-03
1.420000e+02  1.430000e+02  9.558735e-04
1.430000e+02  1.440000e+02  1.105749e-03
1.440000e+02  1.450000e+02  1.029008e-03
1.450000e+02  1.460000e+02  8.654469e-04
1.460000e+02  1.470000e+02  7.632692e-04
1.470000e+02  1.480000e+02  9.883107e-04
1.480000e+02  1.490000e+02  6.702293e-04
1.490000e+02  1.500000e+02  8.325970e-04
1.500000e+02  1.510000e+02  8.275368e-04
1.510000e+02  1.520000e+02  9.257191e-04
1.520000e+02  1.530000e+02  6.935147e-04
1.530000e+02  1.540000e+02  1.050994e-03
1.540000e+02  1.550000e+02  8.687388e-04
1.550000e+02  1.560000e+02  1.190944e-03
1.560000e+02  1.570000e+02  8.620138e-04
1.570000e+02  1.580000e+02  4.141939e-04
1.580000e+02  1.590000e+02  6.823406e-04
1.590000e+02  1.600000e+02  7.859935e-04
1.600000e+02  1.610000e+02  3.331897e-04
1.610000e+02  1.620000e+02  3.378043e-04
1.620000e+02  1.630000e+02  5.824455e-04
1.630000e+02  1.640000e+02  9.133004e-04
1.640000e+02  1.650000e+02  6.038130e-04
1.650000e+02  1.660000e+02  6.999687e-04
1.660000e+02  1.670000e+02  7.196458e-04
1.670000e+02  1.680000e+02  5.849898e-04
1.680000e+02  1.690000e+02  4.371764e-04
1.690000e+02  1.700000e+02  6.749199e-04
1.700000e+02  1.710000e+02  6.081083e-04
1.710000e+02  1.720000e+02  6.984527e-04
1.720000e+02  1.730000e+02  5.745041e-04
1.730000e+02  1.740000e+02  5.021103e-04
1.740000e+02  1.750000e+02  5.794857e-04
1.750000e+02  1.760000e+02  7.458240e-04
1.760000e+02  1.770000e+02  3.070236e-04
1.770000e+02  1.780000e+02  5.978849e-04
1.780000e+02  1.790000e+02  6.546957e-04
1.790000e+02  1.800000e+02  5.069262e-04
1.800000e+02  1.810000e+02  5.535574e-04
1.810000e+02  1.820000e+02  3.950414e-04
1.820000e+02  1.830000e+02  3.729861e-04
1.830000e+02  1.840000e+02  5.342669e-04
1.840000e+02  1.850000e+02  5.460388e-04
1.850000e+02  1.860000e+02  4.463283e-04
1.860000e+02  1.870000e+02  5.417017e-04
1.870000e+02  1.880000e+02  3.823088e-04
1.880000e+02  1.890000e+02  5.085856e-04
1.890000e+02  1.900000e+02  4.206954e-04
1.900000e+02  1.910000e+02  2.767396e-04
1.910000e+02  1.920000e+02  3.894440e-04
1.920000e+02  1.930000e+02  3.681570e-04
1.930000e+02  1.940000e+02  3.075827e-04
1.940000e+02  1.950000e+02  3.021591e-04
1.950000e+02  1.960000e+02  5.094827e-04
1.960000e+02  1.970000e+02  3.869307e-04
1.970000e+02  1.980000e+02  2.823720e-04
1.980000e+02  1.990000e+02  2.443203e-04
1.990000e+02  2.000000e+02  2.629299e-04
2.000000e+02  2.010000e+02  3.763403e-04
2.010000e+02  2.020000e+02  1.913973e-04
2.020000e+02  2.030000e+02  2.296879e-04
2.030000e+02  2.040000e+02  3.866310e-04
2.040000e+02  2.050000e+02  2.247715e-04
2.050000e+02  2.060000e+02  1.531111e-04
2.060000e+02  2.070000e+02  3.578799e-04
2.070000e+02  2.080000e+02  7.170990e-05
2.080000e+02  2.090000e+02  2.289174e-04
2.090000e+02  2.100000e+02  1.351414e-04
2.100000e+02  2.110000e+02  2.158304e-04
2.110000e+02  2.120000e+02  5.273459e-04
2.120000e+02  2.130000e+02  1.799650e-04
2.130000e+02  2.140000e+02  3.296552e-04
2.140000e+02  2.150000e+02  2.690226e-04
2.150000e+02  2.160000e+02  2.458148e-04
2.160000e+02  2.170000e+02  1.583499e-04
2.170000e+02  2.180000e+02  3.679494e-05
2.180000e+02  2.190000e+02  4.055253e-04
2.190000e+02  2.200000e+02  3.759234e-04
2.200000e+02  2.210000e+02  3.473776e-04
2.210000e+02  2.220000e+02  1.731069e-04
2.220000e+02  2.230000e+02  1.681572e-04
2.230000e+02  2.240000e+02  1.516668e-04
2.240000e+02  2.250000e+02  2.156692e-04
2.250000e+02  2.260000e+02  2.099167e-04
2.260000e+02  2.270000e+02  1.705124e-04
2.270000e+02  2.280000e+02  4.811781e-05
2.280000e+02  2.290000e+02  8.487205e-05
2.290000e+02  2.300000e+02  1.951789e-04
2.300000e+02  2.310000e+02  2.603452e-04
2.310000e+02  2.320000e+02  1.377667e-04
2.320000e+02  2.330000e+02  1.332049e-04
2.330000e+02  2.340000e+02  1.386186e-04
2.340000e+02  2.350000e+02  8.973159e-05
2.350000e+02  2.360000e+02  2.048915e-04
2.360000e+02  2.370000e+02  9.048920e-05
2.370000e+02  2.380000e+02  8.726548e-05
2.380000e+02  2.390000e+02  7.405316e-05
2.390000e+02  2.400000e+02  2.012739e-04
2.400000e+02  2.410000e+02  1.758200e-04
2.410000e+02  2.420000e+02  8.975437e-05
2.420000e+02  2.430000e+02  2.084953e-04
2.430000e+02  2.440000e+02  1.303681e-04
2.440000e+02  2.450000e+02  1.052897e-04
2.450000e+02  2.460000e+02  1.985479e-04
2.460000e+02  2.470000e+02  1.282523e-04
2.470000e+02  2.480000e+02  2.716038e-05
2.480000e+02  2.490000e+02  2.093895e-04
2.490000e+02  2.500000e+02  4.369166e-05
