# lower_MeV  upper_MeV  weight
0.000000e+00  0.000000e+00  7.657691e+00
0.000000e+00  1.000000e+00  3.412105e+00
1.000000e+00  2.000000e+00  1.580922e+00
2.000000e+00  3.000000e+00  7.421017e-01
3.000000e+00  4.000000e+00  3.898613e-01
4.000000e+00  5.000000e+00  2.259232e-01
5.000000e+00  6.000000e+00  1.456752e-01
6.000000e+00  7.000000e+00  9.831805e-02
7.000000e+00  8.000000e+00  7.616603e-02
8.000000e+00  9.000000e+00  5.935957e-02
9.000000e+00  1.000000e+01  4.793025e-02
1.000000e+01  1.100000e+01  4.100990e-02
1.100000e+01  1.200000e+01  3.574241e-02
1.200000e+01  1.300000e+01  3.085034e-02
1.300000e+01  1.400000e+01  2.578369e-02
1.400000e+01  1.500000e+01  2.441697e-02
1.500000e+01  1.600000e+01  2.180817e-02
1.600000e+01  1.700000e+01  2.016043e-02
1.700000e+01  1.800000e+01  1.755635e-02
1.800000e+01  1.900000e+01  1.649667e-02
1.900000e+01  2.000000e+01  1.484441e-02
2.000000e+01  2.100000e+01  1.345845e-02
2.100000e+01  2.200000e+01  1.238841e-02
2.200000e+01  2.300000e+01  1.281439e-02
2.300000e+01  2.400000e+01  1.215070e-02
2.400000e+01  2.500000e+01  1.172357e-02
2.500000e+01  2.600000e+01  1.034220e-02
2.600000e+01  2.700000e+01  9.843725e-03
2.700000e+01  2.800000e+01  1.011702e-02
2.800000e+01  2.900000e+01  9.086181e-03
2.900000e+01  3.000000e+01  9.555763e-03
3.000000e+01  3.100000e+01  9.171436e-03
3.100000e+01  3.200000e+01  8.581039e-03
3.200000e+01  3.300000e+01  8.121580e-03
3.300000e+01  3.400000e+01  7.929561e-03
3.400000e+01  3.500000e+01  8.592305e-03
3.500000e+01  3.600000e+01  8.075786e-03
3.600000e+01  3.700000e+01  7.203010e-03
3.700000e+01  3.800000e+01  7.286556e-03
3.800000e+01  3.900000e+01  7.038820e-03
3.900000e+01  4.000000e+01  6.417909e-03
4.000000e+01  4.100000e+01  7.067782e-03
4.100000e+01  4.200000e+01  6.933124e-03
4.200000e+01  4.300000e+01  6.799209e-03
4.300000e+01  4.400000e+01  6.393745e-03
4.400000e+01  4.500000e+01  6.648448e-03
4.500000e+01  4.600000e+01  6.114180e-03
4.600000e+01  4.700000e+01  6.191306e-03
4.700000e+01  4.800000e+01  6.113352e-03
4.800000e+01  4.900000e+01  6.322592e-03
4.900000e+01  5.000000e+01  5.470920e-03
5.000000e+01  5.100000e+01  5.778574e-03
5.100000e+01  5.200000e+01  6.324503e-03
5.200000e+01  5.300000e+01  5.702127e-03
5.300000e+01  5.400000e+01  6.026302e-03
5.400000e+01  5.500000e+01  5.885938e-03
5.500000e+01  5.600000e+01  6.129840e-03
5.600000e+01  5.700000e+01  5.457799e-03
5.700000e+01  5.800000e+01  5.946311e-03
5.800000e+01  5.900000e+01  5.183292e-03
5.900000e+01  6.000000e+01  5.238302e-03
6.000000e+01  6.100000e+01  4.842003e-03
6.100000e+01  6.200000e+01  5.247959e-03
6.200000e+01  6.300000e+01  4.826073e-03
6.300000e+01  6.400000e+01  4.436081e-03
6.400000e+01  6.500000e+01  5.025712e-03
6.500000e+01  6.600000e+01  4.294106e-03
6.600000e+01  6.700000e+01  4.470556e-03
6.700000e+01  6.800000e+01  4.159975e-03
6.800000e+01  6.900000e+01  4.403036e-03
6.900000e+01  7.000000e+01  4.566098e-03
7.000000e+01  7.100000e+01  4.260636e-03
7.100000e+01  7.200000e+01  4.917887e-03
7.200000e+01  7.300000e+01  3.425889e-03
7.300000e+01  7.400000e+01  3.888868e-03
7.400000e+01  7.500000e+01  3.924426e-03
7.500000e+01  7.600000e+01  3.715371e-03
7.600000e+01  7.700000e+01  3.830143e-03
7.700000e+01  7.800000e+01  4.327788e-03
7.800000e+01  7.900000e+01  3.810669e-03
7.900000e+01  8.000000e+01  4.076600e-03
8.000000e+01  8.100000e+01  3.246976e-03
8.100000e+01  8.200000e+01  3.677218e-03
8.200000e+01  8.300000e+01  3.443650e-03
8.300000e+01  8.400000e+01  3.480677e-03
8.400000e+01  8.500000e+01  3.118167e-03
8.500000e+01  8.600000e+01  3.542080e-03
8.600000e+01  8.700000e+01  4.181377e-03
8.700000e+01  8.800000e+01  3.181995e-03
8.800000e+01  8.900000e+01  3.273608e-03
8.900000e+01  9.000000e+01  2.784396e-03
9.000000e+01  9.100000e+01  3.201883e-03
9.100000e+01  9.200000e+01  2.623839e-03
9.200000e+01  9.300000e+01  3.112142e-03
9.300000e+01  9.400000e+01  3.025566e-03
9.400000e+01  9.500000e+01  2.998558e-03
9.500000e+01  9.600000e+01  3.014994e-03
9.600000e+01  9.700000e+01  3.366181e-03
9.700000e+01  9.800000e+01  3.086120e-03
9.800000e+01  9.900000e+01  2.241448e-03
9.900000e+01  1.000000e+02  2.600117e-03
1.000000e+02  1.010000e+02  2.246653e-03
1.010000e+02  1.020000e+02  2.050376e-03
1.020000e+02  1.030000e+02  2.429887e-03
1.030000e+02  1.040000e+02  2.416308e-03
1.040000e+02  1.050000e+02  2.071007e-03
1.050000e+02  1.060000e+02  2.159203e-03
1.060000e+02  1.070000e+02  2.087553e-03
1.070000e+02  1.080000e+02  2.305872e-03
1.080000e+02  1.090000e+02  2.628972e-03
1.090000e+02  1.100000e+02  2.090287e-03
1.100000e+02  1.110000e+02  1.816652e-03
1.110000e+02  1.120000e+02  1.831217e-03
1.120000e+02  1.130000e+02  1.943214e-03
1.130000e+02  1.140000e+02  2.333624e-03
1.140000e+02  1.150000e+02  1.739093e-03
1.150000e+02  1.160000e+02  1.832077e-03
1.160000e+02  1.170000e+02  1.849077e-03
1.170000e+02  1.180000e+02  1.679887e-03
1.180000e+02  1.190000e+02  2.115814e-03
1.190000e+02  1.200000e+02  1.980560e-03
1.200000e+02  1.210000e+02  1.522782e-03
1.210000e+02  1.220000e+02  1.681541e-03
1.220000e+02  1.230000e+02  1.488418e-03
1.230000e+02  1.240000e+02  1.841382e-03
1.240000e+02  1.250000e+02  1.148518e-03
1.250000e+02  1.260000e+02  1.014449e-03
1.260000e+02  1.270000e+02  1.699280e-03
1.270000e+02  1.280000e+02  1.693393e-03
1.280000e+02  1.290000e+02  1.435330e-03
1.290000e+02  1.300000e+02  1.235041e-03
1.300000e+02  1.310000e+02  1.408823e-03
1.310000e+02  1.320000e+02  1.441497e-03
1.320000e+02  1.330000e+02  1.564994e-03
1.330000e+02  1.340000e+02  1.326663e-03
1.340000e+02  1.350000e+02  1.206111e-03
1.350000e+02  1.360000e+02  1.297241e-03
1.360000e+02  1.370000e+02  1.396483e-03
1.370000e+02  1.380000e+02  1.225273e-03
1.380000e+02  1.390000e+02  1.071046e-03
1.390000e+02  1.400000e+02  9.369249e-04
1.400000e+02  1.410000e+02  1.105751e-03
1.410000e+02  1.420000e+02  1.400166e-03
1.420000e+02  1.430000e+02  1.148002e-03
1.430000e+02  1.440000e+02  1.237332e-03
1.440000e+02  1.450000e+02  1.193426e-03
1.450000e+02  1.460000e+02  1.062621e-03
1.460000e+02  1.470000e+02  9.706245e-04
1.470000e+02  1.480000e+02  1.058247e-03
1.480000e+02  1.490000e+02  8.267054e-04
1.490000e+02  1.500000e+02  9.878295e-04
1.500000e+02  1.510000e+02  9.196107e-04
1.510000e+02  1.520000e+02  1.095780e-03
1.520000e+02  1.530000e+02  7.618171e-04
1.530000e+02  1.540000e+02  1.315007e-03
1.540000e+02  1.550000e+02  9.640938e-04
1.550000e+02  1.560000e+02  1.257931e-03
1.560000e+02  1.570000e+02  1.036377e-03
1.570000e+02  1.580000e+02  5.080199e-04
1.580000e+02  1.590000e+02  7.842171e-04
1.590000e+02  1.600000e+02  8.718302e-04
1.600000e+02  1.610000e+02  4.722137e-04
1.610000e+02  1.620000e+02  5.886286e-04
1.620000e+02  1.630000e+02  6.746684e-04
1.630000e+02  1.640000e+02  1.053099e-03
1.640000e+02  1.650000e+02  7.581871e-04
1.650000e+02  1.660000e+02  8.732497e-04
1.660000e+02  1.670000e+02  7.668458e-04
1.670000e+02  1.680000e+02  6.455053e-04
1.680000e+02  1.690000e+02  5.971743e-04
1.690000e+02  1.700000e+02  7.785505e-04
1.700000e+02  1.710000e+02  6.419577e-04
1.710000e+02  1.720000e+02  7.396724e-04
1.720000e+02  1.730000e+02  5.886118e-04
1.730000e+02  1.740000e+02  6.275658e-04
1.740000e+02  1.750000e+02  6.466688e-04
1.750000e+02  1.760000e+02  8.560036e-04
1.760000e+02  1.770000e+02  3.837490e-04
1.770000e+02  1.780000e+02  7.525739e-04
1.780000e+02  1.790000e+02  7.044016e-04
1.790000e+02  1.800000e+02  5.720315e-04
1.800000e+02  1.810000e+02  7.775837e-04
1.810000e+02  1.820000e+02  4.798212e-04
1.820000e+02  1.830000e+02  4.283704e-04
1.830000e+02  1.840000e+02  6.445941e-04
1.840000e+02  1.850000e+02  6.227125e-04
1.850000e+02  1.860000e+02  5.494743e-04
1.860000e+02  1.870000e+02  5.518112e-04
1.870000e+02  1.880000e+02  4.256369e-04
1.880000e+02  1.890000e+02  5.853682e-04
1.890000e+02  1.900000e+02  4.708386e-04
1.900000e+02  1.910000e+02  2.858864e-04
1.910000e+02  1.920000e+02  4.034931e-04
1.920000e+02  1.930000e+02  4.507558e-04
1.930000e+02  1.940000e+02  3.226293e-04
1.940000e+02  1.950000e+02  4.244593e-04
1.950000e+02  1.960000e+02  5.069228e-04
1.960000e+02  1.970000e+02  5.004786e-04
1.970000e+02  1.980000e+02  3.306430e-04
1.980000e+02  1.990000e+02  3.098549e-04
1.990000e+02  2.000000e+02  3.220997e-04
2.000000e+02  2.010000e+02  4.286344e-04
2.010000e+02  2.020000e+02  2.642405e-04
2.020000e+02  2.030000e+02  2.721198e-04
2.030000e+02  2.040000e+02  4.270404e-04
2.040000e+02  2.050000e+02  2.656970e-04
2.050000e+02  2.060000e+02  2.078371e-04
2.060000e+02  2.070000e+02  3.644003e-04
2.070000e+02  2.080000e+02  1.020005e-04
2.080000e+02  2.090000e+02  2.714699e-04
2.090000e+02  2.100000e+02  1.406266e-04
2.100000e+02  2.110000e+02  3.161309e-04
2.110000e+02  2.120000e+02  5.407885e-04
2.120000e+02  2.130000e+02  2.818468e-04
2.130000e+02  2.140000e+02  3.916964e-04
2.140000e+02  2.150000e+02  3.132374e-04
2.150000e+02  2.160000e+02  2.708736e-04
2.160000e+02  2.170000e+02  1.613206e-04
2.170000e+02  2.180000e+02  1.447145e-04
2.180000e+02  2.190000e+02  4.177844e-04
2.190000e+02  2.200000e+02  4.629902e-04
2.200000e+02  2.210000e+02  3.474450e-04
2.210000e+02  2.220000e+02  1.768221e-04
2.220000e+02  2.230000e+02  1.781256e-04
2.230000e+02  2.240000e+02  2.132134e-04
2.240000e+02  2.250000e+02  2.666229e-04
2.250000e+02  2.260000e+02  2.555528e-04
2.260000e+02  2.270000e+02  1.789348e-04
2.270000e+02  2.280000e+02  4.862867e-05
2.280000e+02  2.290000e+02  1.225411e-04
2.290000e+02  2.300000e+02  2.110642e-04
2.300000e+02  2.310000e+02  2.616403e-04
2.310000e+02  2.320000e+02  1.405137e-04
2.320000e+02  2.330000e+02  1.333701e-04
2.330000e+02  2.340000e+02  1.590514e-04
2.340000e+02  2.350000e+02  1.302222e-04
2.350000e+02  2.360000e+02  2.505800e-04
2.360000e+02  2.370000e+02  1.256288e-04
2.370000e+02  2.380000e+02  8.777812e-05
2.380000e+02  2.390000e+02  1.326008e-04
2.390000e+02  2.400000e+02  2.020015e-04
2.400000e+02  2.410000e+02  1.959974e-04
2.410000e+02  2.420000e+02  9.421977e-05
2.420000e+02  2.430000e+02  2.106914e-04
2.430000e+02  2.440000e+02  1.342860e-04
2.440000e+02  2.450000e+02  1.734002e-04
2.450000e+02  2.460000e+02  1.997124e-04
2.460000e+02  2.470000e+02  1.302609e-04
2.470000e+02  2.480000e+02  2.792335e-05
2.480000e+02  2.490000e+02  2.117769e-04
2.490000e+02  2.500000e+02  4.329577e-05
