# lower_MeV  upper_MeV  weight
0.000000e+00  0.000000e+00  6.872060e+00
0.000000e+00  1.000000e+00  3.120697e+00
1.000000e+00  2.000000e+00  1.450207e+00
2.000000e+00  3.000000e+00  6.810018e-01
3.000000e+00  4.000000e+00  3.572002e-01
4.000000e+00  5.000000e+00  2.067580e-01
5.000000e+00  6.000000e+00  1.336445e-01
6.000000e+00  7.000000e+00  8.964768e-02
7.000000e+00  8.000000e+00  6.916684e-02
8.000000e+00  9.000000e+00  5.406007e-02
9.000000e+00  1.000000e+01  4.321127e-02
1.000000e+01  1.100000e+01  3.740222e-02
1.100000e+01  1.200000e+01  3.302160e-02
1.200000e+01  1.300000e+01  2.852390e-02
1.300000e+01  1.400000e+01  2.318054e-02
1.400000e+01  1.500000e+01  2.233820e-02
1.500000e+01  1.600000e+01  1.993332e-02
1.600000e+01  1.700000e+01  1.838756e-02
1.700000e+01  1.800000e+01  1.628821e-02
1.800000e+01  1.900000e+01  1.512694e-02
1.900000e+01  2.000000e+01  1.371018e-02
2.000000e+01  2.100000e+01  1.263666e-02
2.100000e+01  2.200000e+01  1.154362e-02
2.200000e+01  2.300000e+01  1.186380e-02
2.300000e+01  2.400000e+01  1.131719e-02
2.400000e+01  2.500000e+01  1.090300e-02
2.500000e+01  2.600000e+01  9.090139e-03
2.600000e+01  2.700000e+01  8.978412e-03
2.700000e+01  2.800000e+01  9.240194e-03
2.800000e+01  2.900000e+01  8.492403e-03
2.900000e+01  3.000000e+01  8.941028e-03
3.000000e+01  3.100000e+01  8.451384e-03
3.100000e+01  3.200000e+01  8.022987e-03
3.200000e+01  3.300000e+01  7.403313e-03
3.300000e+01  3.400000e+01  7.379926e-03
3.400000e+01  3.500000e+01  7.946708e-03
3.500000e+01  3.600000e+01  7.426453e-03
3.600000e+01  3.700000e+01  6.601577e-03
3.700000e+01  3.800000e+01  6.787079e-03
3.800000e+01  3.900000e+01  6.403304e-03
3.900000e+01  4.000000e+01  5.744328e-03
4.000000e+01  4.100000e+01  6.581515e-03
4.100000e+01  4.200000e+01  6.449763e-03
4.200000e+01  4.300000e+01  6.364115e-03
4.300000e+01  4.400000e+01  5.761230e-03
4.400000e+01  4.500000e+01  6.121380e-03
4.500000e+01  4.600000e+01  5.653229e-03
4.600000e+01  4.700000e+01  5.786673e-03
4.700000e+01  4.800000e+01  5.652321e-03
4.800000e+01  4.900000e+01  5.883618e-03
4.900000e+01  5.000000e+01  5.064725e-03
5.000000e+01  5.100000e+01  5.468124e-03
5.100000e+01  5.200000e+01  5.780510e-03
5.200000e+01  5.300000e+01  5.281968e-03
5.300000e+01  5.400000e+01  5.546553e-03
5.400000e+01  5.500000e+01  5.428222e-03
5.500000e+01  5.600000e+01  5.679837e-03
5.600000e+01  5.700000e+01  5.088494e-03
5.700000e+01  5.800000e+01  5.541175e-03
5.800000e+01  5.900000e+01  4.714168e-03
5.900000e+01  6.000000e+01  4.863529e-03
6.000000e+01  6.100000e+01  4.511328e-03
6.100000e+01  6.200000e+01  4.839953e-03
6.200000e+01  6.300000e+01  4.509424e-03
6.300000e+01  6.400000e+01  4.159426e-03
6.400000e+01  6.500000e+01  4.636191e-03
6.500000e+01  6.600000e+01  3.925130e-03
6.600000e+01  6.700000e+01  4.249266e-03
6.700000e+01  6.800000e+01  3.863646e-03
6.800000e+01  6.900000e+01  4.054901e-03
6.900000e+01  7.000000e+01  4.192958e-03
7.000000e+01  7.100000e+01  3.830479e-03
7.100000e+01  7.200000e+01  4.524580e-03
7.200000e+01  7.300000e+01  3.220121e-03
7.300000e+01  7.400000e+01  3.513774e-03
7.400000e+01  7.500000e+01  3.749709e-03
7.500000e+01  7.600000e+01  3.424787e-03
7.600000e+01  7.700000e+01  3.566271e-03
7.700000e+01  7.800000e+01  4.083013e-03
7.800000e+01  7.900000e+01  3.537325e-03
7.900000e+01  8.000000e+01  3.837805e-03
8.000000e+01  8.100000e+01  2.940649e-03
8.100000e+01  8.200000e+01  3.352720e-03
8.200000e+01  8.300000e+01  3.271269e-03
8.300000e+01  8.400000e+01  3.322253e-03
8.400000e+01  8.500000e+01  2.946439e-03
8.500000e+01  8.600000e+01  3.332530e-03
8.600000e+01  8.700000e+01  3.934151e-03
8.700000e+01  8.800000e+01  2.938561e-03
8.800000e+01  8.900000e+01  3.008526e-03
8.900000e+01  9.000000e+01  2.539726e-03
9.000000e+01  9.100000e+01  2.956482e-03
9.100000e+01  9.200000e+01  2.424113e-03
9.200000e+01  9.300000e+01  2.809955e-03
9.300000e+01  9.400000e+01  2.783255e-03
9.400000e+01  9.500000e+01  2.772483e-03
9.500000e+01  9.600000e+01  2.816445e-03
9.600000e+01  9.700000e+01  3.141569e-03
9.700000e+01  9.800000e+01  2.863405e-03
9.800000e+01  9.900000e+01  2.138209e-03
9.900000e+01  1.000000e+02  2.455903e-03
1.000000e+02  1.010000e+02  2.028234e-03
1.010000e+02  1.020000e+02  1.912486e-03
1.020000e+02  1.030000e+02  2.251136e-03
1.030000e+02  1.040000e+02  2.200850e-03
1.040000e+02  1.050000e+02  1.867546e-03
1.050000e+02  1.060000e+02  2.031039e-03
1.060000e+02  1.070000e+02  1.986590e-03
1.070000e+02  1.080000e+02  2.147985e-03
1.080000e+02  1.090000e+02  2.503418e-03
1.090000e+02  1.100000e+02  1.980268e-03
1.100000e+02  1.110000e+02  1.651011e-03
1.110000e+02  1.120000e+02  1.665116e-03
1.120000e+02  1.130000e+02  1.764031e-03
1.130000e+02  1.140000e+02  2.186238e-03
1.140000e+02  1.150000e+02  1.576778e-03
1.150000e+02  1.160000e+02  1.641817e-03
1.160000e+02  1.170000e+02  1.732430e-03
1.170000e+02  1.180000e+02  1.577247e-03
1.180000e+02  1.190000e+02  2.011595e-03
1.190000e+02  1.200000e+02  1.906842e-03
1.200000e+02  1.210000e+02  1.427095e-03
1.210000e+02  1.220000e+02  1.556557e-03
1.220000e+02  1.230000e+02  1.439241e-03
1.230000e+02  1.240000e+02  1.698857e-03
1.240000e+02  1.250000e+02  1.051364e-03
1.250000e+02  1.260000e+02  9.075846e-04
1.260000e+02  1.270000e+02  1.643572e-03
1.270000e+02  1.280000e+02  1.566802e-03
1.280000e+02  1.290000e+02  1.298162e-03
1.290000e+02  1.300000e+02  1.135931e-03
1.300000e+02  1.310000e+02  1.338702e-03
1.310000e+02  1.320000e+02  1.350652e-03
1.320000e+02  1.330000e+02  1.417793e-03
1.330000e+02  1.340000e+02  1.233703e-03
1.340000e+02  1.350000e+02  1.099135e-03
1.350000e+02  1.360000e+02  1.159139e-03
1.360000e+02  1.370000e+02  1.340522e-03
1.370000e+02  1.380000e+02  1.185350e-03
1.380000e+02  1.390000e+02  1.009009e-03
1.390000e+02  1.400000e+02  8.456547e-04
1.400000e+02  1.410000e+02  1.034118e-03
1.410000e+02  1.420000e+02  1.327723e-03
1.420000e+02  1.430000e+02  1.025696e-03
1.430000e+02  1.440000e+02  1.145665e-03
1.440000e+02  1.450000e+02  1.113726e-03
1.450000e+02  1.460000e+02  9.092527e-04
1.460000e+02  1.470000e+02  8.127756e-04
1.470000e+02  1.480000e+02  1.047631e-03
1.480000e+02  1.490000e+02  7.042368e-04
1.490000e+02  1.500000e+02  8.868989e-04
1.500000e+02  1.510000e+02  8.420365e-04
1.510000e+02  1.520000e+02  9.651123e-04
1.520000e+02  1.530000e+02  7.350531e-04
1.530000e+02  1.540000e+02  1.193697e-03
1.540000e+02  1.550000e+02  8.997784e-04
1.550000e+02  1.560000e+02  1.213753e-03
1.560000e+02  1.570000e+02  9.697372e-04
1.570000e+02  1.580000e+02  4.933177e-04
1.580000e+02  1.590000e+02  7.313356e-04
1.590000e+02  1.600000e+02  8.409110e-04
1.600000e+02  1.610000e+02  4.435749e-04
1.610000e+02  1.620000e+02  3.982111e-04
1.620000e+02  1.630000e+02  6.010844e-04
1.630000e+02  1.640000e+02  9.664273e-04
1.640000e+02  1.650000e+02  6.715494e-04
1.650000e+02  1.660000e+02  8.035291e-04
1.660000e+02  1.670000e+02  7.571608e-04
1.670000e+02  1.680000e+02  6.156120e-04
1.680000e+02  1.690000e+02  5.435229e-04
1.690000e+02  1.700000e+02  6.898635e-04
1.700000e+02  1.710000e+02  6.354969e-04
1.710000e+02  1.720000e+02  7.382134e-04
1.720000e+02  1.730000e+02  5.864746e-04
1.730000e+02  1.740000e+02  5.317726e-04
1.740000e+02  1.750000e+02  6.174283e-04
1.750000e+02  1.760000e+02  7.965225e-04
1.760000e+02  1.770000e+02  3.296777e-04
1.770000e+02  1.780000e+02  6.482761e-04
1.780000e+02  1.790000e+02  6.956203e-04
1.790000e+02  1.800000e+02  5.443183e-04
1.800000e+02  1.810000e+02  6.365528e-04
1.810000e+02  1.820000e+02  4.610429e-04
1.820000e+02  1.830000e+02  4.228520e-04
1.830000e+02  1.840000e+02  5.603230e-04
1.840000e+02  1.850000e+02  5.915756e-04
1.850000e+02  1.860000e+02  5.063628e-04
1.860000e+02  1.870000e+02  5.469546e-04
1.870000e+02  1.880000e+02  3.864448e-04
1.880000e+02  1.890000e+02  5.749436e-04
1.890000e+02  1.900000e+02  4.599333e-04
1.900000e+02  1.910000e+02  2.854383e-04
1.910000e+02  1.920000e+02  3.947992e-04
1.920000e+02  1.930000e+02  4.111964e-04
1.930000e+02  1.940000e+02  3.074315e-04
1.940000e+02  1.950000e+02  3.426622e-04
1.950000e+02  1.960000e+02  5.107418e-04
1.960000e+02  1.970000e+02  4.466167e-04
1.970000e+02  1.980000e+02  2.932311e-04
1.980000e+02  1.990000e+02  2.573837e-04
1.990000e+02  2.000000e+02  3.169676e-04
2.000000e+02  2.010000e+02  4.167012e-04
2.010000e+02  2.020000e+02  2.610945e-04
2.020000e+02  2.030000e+02  2.634045e-04
2.030000e+02  2.040000e+02  4.071998e-04
2.040000e+02  2.050000e+02  2.642393e-04
2.050000e+02  2.060000e+02  1.897539e-04
2.060000e+02  2.070000e+02  3.609876e-04
2.070000e+02  2.080000e+02  7.218993e-05
2.080000e+02  2.090000e+02  2.555599e-04
2.090000e+02  2.100000e+02  1.371998e-04
2.100000e+02  2.110000e+02  2.514023e-04
2.110000e+02  2.120000e+02  5.278667e-04
2.120000e+02  2.130000e+02  2.016828e-04
2.130000e+02  2.140000e+02  3.751519e-04
2.140000e+02  2.150000e+02  2.860625e-04
2.150000e+02  2.160000e+02  2.698700e-04
2.160000e+02  2.170000e+02  1.594689e-04
2.170000e+02  2.180000e+02  6.443118e-05
2.180000e+02  2.190000e+02  4.058395e-04
2.190000e+02  2.200000e+02  4.281508e-04
2.200000e+02  2.210000e+02  3.474449e-04
2.210000e+02  2.220000e+02  1.739711e-04
2.220000e+02  2.230000e+02  1.694943e-04
2.230000e+02  2.240000e+02  1.950628e-04
2.240000e+02  2.250000e+02  2.432360e-04
2.250000e+02  2.260000e+02  2.085341e-04
2.260000e+02  2.270000e+02  1.719131e-04
2.270000e+02  2.280000e+02  4.860353e-05
2.280000e+02  2.290000e+02  1.096436e-04
2.290000e+02  2.300000e+02  1.959276e-04
2.300000e+02  2.310000e+02  2.615749e-04
2.310000e+02  2.320000e+02  1.391923e-04
2.320000e+02  2.330000e+02  1.332017e-04
2.330000e+02  2.340000e+02  1.553692e-04
2.340000e+02  2.350000e+02  1.250661e-04
2.350000e+02  2.360000e+02  2.435134e-04
2.360000e+02  2.370000e+02  9.102323e-05
2.370000e+02  2.380000e+02  8.755549e-05
2.380000e+02  2.390000e+02  1.001777e-04
2.390000e+02  2.400000e+02  2.024676e-04
2.400000e+02  2.410000e+02  1.756711e-04
2.410000e+02  2.420000e+02  9.065835e-05
2.420000e+02  2.430000e+02  2.090100e-04
2.430000e+02  2.440000e+02  1.326478e-04
2.440000e+02  2.450000e+02  1.456198e-04
2.450000e+02  2.460000e+02  1.993051e-04
2.460000e+02  2.470000e+02  1.292128e-04
2.470000e+02  2.480000e+02  2.743531e-05
2.480000e+02  2.490000e+02  2.106764e-04
2.490000e+02  2.500000e+02  4.361520e-05
