# lower_MeV  upper_MeV  weight
0.000000e+00  0.000000e+00  4.977163e+00
0.000000e+00  1.000000e+00  2.432487e+00
1.000000e+00  2.000000e+00  1.137703e+00
2.000000e+00  3.000000e+00  5.343159e-01
3.000000e+00  4.000000e+00  2.813398e-01
4.000000e+00  5.000000e+00  1.625304e-01
5.000000e+00  6.000000e+00  1.037015e-01
6.000000e+00  7.000000e+00  6.911501e-02
7.000000e+00  8.000000e+00  5.366938e-02
8.000000e+00  9.000000e+00  4.159419e-02
9.000000e+00  1.000000e+01  3.330108e-02
1.000000e+01  1.100000e+01  2.851339e-02
1.100000e+01  1.200000e+01  2.566594e-02
1.200000e+01  1.300000e+01  2.270956e-02
1.300000e+01  1.400000e+01  1.748517e-02
1.400000e+01  1.500000e+01  1.707412e-02
1.500000e+01  1.600000e+01  1.579729e-02
1.600000e+01  1.700000e+01  1.410057e-02
1.700000e+01  1.800000e+01  1.309550e-02
1.800000e+01  1.900000e+01  1.186969e-02
1.900000e+01  2.000000e+01  1.121266e-02
2.000000e+01  2.100000e+01  1.023894e-02
2.100000e+01  2.200000e+01  9.440776e-03
2.200000e+01  2.300000e+01  9.674363e-03
2.300000e+01  2.400000e+01  9.173949e-03
2.400000e+01  2.500000e+01  8.838589e-03
2.500000e+01  2.600000e+01  7.237326e-03
2.600000e+01  2.700000e+01  7.171062e-03
2.700000e+01  2.800000e+01  7.362797e-03
2.800000e+01  2.900000e+01  6.683977e-03
2.900000e+01  3.000000e+01  7.503941e-03
3.000000e+01  3.100000e+01  6.750852e-03
3.100000e+01  3.200000e+01  6.444092e-03
3.200000e+01  3.300000e+01  5.598663e-03
3.300000e+01  3.400000e+01  6.060001e-03
3.400000e+01  3.500000e+01  6.152632e-03
3.500000e+01  3.600000e+01  6.043960e-03
3.600000e+01  3.700000e+01  5.061180e-03
3.700000e+01  3.800000e+01  5.449960e-03
3.800000e+01  3.900000e+01  5.148285e-03
3.900000e+01  4.000000e+01  4.469547e-03
4.000000e+01  4.100000e+01  5.226175e-03
4.100000e+01  4.200000e+01  5.116049e-03
4.200000e+01  4.300000e+01  5.244018e-03
4.300000e+01  4.400000e+01  4.556245e-03
4.400000e+01  4.500000e+01  4.969965e-03
4.500000e+01  4.600000e+01  4.457548e-03
4.600000e+01  4.700000e+01  4.493461e-03
4.700000e+01  4.800000e+01  4.621952e-03
4.800000e+01  4.900000e+01  4.745684e-03
4.900000e+01  5.000000e+01  4.054734e-03
5.000000e+01  5.100000e+01  4.623564e-03
5.100000e+01  5.200000e+01  4.668979e-03
5.200000e+01  5.300000e+01  4.063945e-03
5.300000e+01  5.400000e+01  4.227910e-03
5.400000e+01  5.500000e+01  4.420005e-03
5.500000e+01  5.600000e+01  4.695204e-03
5.600000e+01  5.700000e+01  4.029505e-03
5.700000e+01  5.800000e+01  4.632383e-03
5.800000e+01  5.900000e+01  3.685525e-03
5.900000e+01  6.000000e+01  3.892594e-03
6.000000e+01  6.100000e+01  3.622909e-03
6.100000e+01  6.200000e+01  3.686868e-03
6.200000e+01  6.300000e+01  3.726715e-03
6.300000e+01  6.400000e+01  3.340173e-03
6.400000e+01  6.500000e+01  3.644422e-03
6.500000e+01  6.600000e+01  3.200267e-03
6.600000e+01  6.700000e+01  3.254338e-03
6.700000e+01  6.800000e+01  3.087461e-03
6.800000e+01  6.900000e+01  3.149634e-03
6.900000e+01  7.000000e+01  3.388050e-03
7.000000e+01  7.100000e+01  3.228337e-03
7.100000e+01  7.200000e+01  3.689615e-03
7.200000e+01  7.300000e+01  2.625673e-03
7.300000e+01  7.400000e+01  2.928782e-03
7.400000e+01  7.500000e+01  3.020900e-03
7.500000e+01  7.600000e+01  2.623633e-03
7.600000e+01  7.700000e+01  2.835502e-03
7.700000e+01  7.800000e+01  3.356136e-03
7.800000e+01  7.900000e+01  2.721043e-03
7.900000e+01  8.000000e+01  3.070044e-03
8.000000e+01  8.100000e+01  2.345531e-03
8.100000e+01  8.200000e+01  2.847563e-03
8.200000e+01  8.300000e+01  2.741198e-03
8.300000e+01  8.400000e+01  2.829248e-03
8.400000e+01  8.500000e+01  2.566091e-03
8.500000e+01  8.600000e+01  2.703923e-03
8.600000e+01  8.700000e+01  3.143271e-03
8.700000e+01  8.800000e+01  2.355788e-03
8.800000e+01  8.900000e+01  2.394873e-03
8.900000e+01  9.000000e+01  2.055642e-03
9.000000e+01  9.100000e+01  2.537806e-03
9.100000e+01  9.200000e+01  1.850760e-03
9.200000e+01  9.300000e+01  2.251151e-03
9.300000e+01  9.400000e+01  2.296687e-03
9.400000e+01  9.500000e+01  2.223563e-03
9.500000e+01  9.600000e+01  2.368685e-03
9.600000e+01  9.700000e+01  2.516640e-03
9.700000e+01  9.800000e+01  2.449849e-03
9.800000e+01  9.900000e+01  1.694578e-03
9.900000e+01  1.000000e+02  1.946513e-03
1.000000e+02  1.010000e+02  1.590790e-03
1.010000e+02  1.020000e+02  1.552665e-03
1.020000e+02  1.030000e+02  1.802313e-03
1.030000e+02  1.040000e+02  1.858480e-03
1.040000e+02  1.050000e+02  1.647206e-03
1.050000e+02  1.060000e+02  1.538695e-03
1.060000e+02  1.070000e+02  1.684455e-03
1.070000e+02  1.080000e+02  1.685886e-03
1.080000e+02  1.090000e+02  2.062195e-03
1.090000e+02  1.100000e+02  1.453189e-03
1.100000e+02  1.110000e+02  1.323152e-03
1.110000e+02  1.120000e+02  1.228244e-03
1.120000e+02  1.130000e+02  1.525246e-03
1.130000e+02  1.140000e+02  1.809269e-03
1.140000e+02  1.150000e+02  1.214273e-03
1.150000e+02  1.160000e+02  1.136013e-03
1.160000e+02  1.170000e+02  1.501047e-03
1.170000e+02  1.180000e+02  1.215312e-03
1.180000e+02  1.190000e+02  1.592655e-03
1.190000e+02  1.200000e+02  1.519537e-03
1.200000e+02  1.210000e+02  1.196736e-03
1.210000e+02  1.220000e+02  1.270622e-03
1.220000e+02  1.230000e+02  1.195942e-03
1.230000e+02  1.240000e+02  1.423590e-03
1.240000e+02  1.250000e+02  8.175187e-04
1.250000e+02  1.260000e+02  7.461657e-04
1.260000e+02  1.270000e+02  1.308821e-03
1.270000e+02  1.280000e+02  1.257196e-03
1.280000e+02  1.290000e+02  1.021229e-03
1.290000e+02  1.300000e+02  8.851676e-04
1.300000e+02  1.310000e+02  9.987972e-04
1.310000e+02  1.320000e+02  1.142923e-03
1.320000e+02  1.330000e+02  1.177591e-03
1.330000e+02  1.340000e+02  1.039474e-03
1.340000e+02  1.350000e+02  9.209529e-04
1.350000e+02  1.360000e+02  1.015318e-03
1.360000e+02  1.370000e+02  9.707875e-04
1.370000e+02  1.380000e+02  9.839663e-04
1.380000e+02  1.390000e+02  8.959181e-04
1.390000e+02  1.400000e+02  6.819837e-04
1.400000e+02  1.410000e+02  8.000889e-04
1.410000e+02  1.420000e+02  1.091812e-03
1.420000e+02  1.430000e+02  8.467870e-04
1.430000e+02  1.440000e+02  9.192439e-04
1.440000e+02  1.450000e+02  9.846347e-04
1.450000e+02  1.460000e+02  7.281355e-04
1.460000e+02  1.470000e+02  6.813708e-04
1.470000e+02  1.480000e+02  9.673887e-04
1.480000e+02  1.490000e+02  6.479030e-04
1.490000e+02  1.500000e+02  7.695950e-04
1.500000e+02  1.510000e+02  6.766900e-04
1.510000e+02  1.520000e+02  7.170514e-04
1.520000e+02  1.530000e+02  5.893286e-04
1.530000e+02  1.540000e+02  8.956521e-04
1.540000e+02  1.550000e+02  7.383451e-04
1.550000e+02  1.560000e+02  1.138378e-03
1.560000e+02  1.570000e+02  7.700823e-04
1.570000e+02  1.580000e+02  3.434604e-04
1.580000e+02  1.590000e+02  6.458039e-04
1.590000e+02  1.600000e+02  6.106423e-04
1.600000e+02  1.610000e+02  2.954109e-04
1.610000e+02  1.620000e+02  3.090161e-04
1.620000e+02  1.630000e+02  5.412315e-04
1.630000e+02  1.640000e+02  7.590814e-04
1.640000e+02  1.650000e+02  5.444456e-04
1.650000e+02  1.660000e+02  5.745144e-04
1.660000e+02  1.670000e+02  5.600759e-04
1.670000e+02  1.680000e+02  5.546060e-04
1.680000e+02  1.690000e+02  3.348938e-04
1.690000e+02  1.700000e+02  5.351343e-04
1.700000e+02  1.710000e+02  4.633149e-04
1.710000e+02  1.720000e+02  6.001346e-04
1.720000e+02  1.730000e+02  5.104248e-04
1.730000e+02  1.740000e+02  4.833070e-04
1.740000e+02  1.750000e+02  4.721022e-04
1.750000e+02  1.760000e+02  7.273675e-04
1.760000e+02  1.770000e+02  2.660936e-04
1.770000e+02  1.780000e+02  5.173298e-04
1.780000e+02  1.790000e+02  5.044061e-04
1.790000e+02  1.800000e+02  4.666365e-04
1.800000e+02  1.810000e+02  4.999827e-04
1.810000e+02  1.820000e+02  3.300433e-04
1.820000e+02  1.830000e+02  3.091722e-04
1.830000e+02  1.840000e+02  5.000190e-04
1.840000e+02  1.850000e+02  4.970330e-04
1.850000e+02  1.860000e+02  3.408086e-04
1.860000e+02  1.870000e+02  5.033723e-04
1.870000e+02  1.880000e+02  3.008333e-04
1.880000e+02  1.890000e+02  4.671788e-04
1.890000e+02  1.900000e+02  3.777722e-04
1.900000e+02  1.910000e+02  2.387507e-04
1.910000e+02  1.920000e+02  3.412926e-04
1.920000e+02  1.930000e+02  3.539474e-04
1.930000e+02  1.940000e+02  2.476865e-04
1.940000e+02  1.950000e+02  2.673955e-04
1.950000e+02  1.960000e+02  4.438455e-04
1.960000e+02  1.970000e+02  2.875340e-04
1.970000e+02  1.980000e+02  2.375422e-04
1.980000e+02  1.990000e+02  1.448802e-04
1.990000e+02  2.000000e+02  1.996098e-04
2.000000e+02  2.010000e+02  3.101176e-04
2.010000e+02  2.020000e+02  1.778136e-04
2.020000e+02  2.030000e+02  2.204920e-04
2.030000e+02  2.040000e+02  3.162547e-04
2.040000e+02  2.050000e+02  2.215638e-04
2.050000e+02  2.060000e+02  1.522623e-04
2.060000e+02  2.070000e+02  3.417420e-04
2.070000e+02  2.080000e+02  6.986215e-05
2.080000e+02  2.090000e+02  2.278536e-04
2.090000e+02  2.100000e+02  1.343852e-04
2.100000e+02  2.110000e+02  1.548857e-04
2.110000e+02  2.120000e+02  4.523729e-04
2.120000e+02  2.130000e+02  1.776010e-04
2.130000e+02  2.140000e+02  2.944843e-04
2.140000e+02  2.150000e+02  2.246289e-04
2.150000e+02  2.160000e+02  1.522369e-04
2.160000e+02  2.170000e+02  1.573393e-04
2.170000e+02  2.180000e+02  3.699604e-05
2.180000e+02  2.190000e+02  3.233989e-04
2.190000e+02  2.200000e+02  3.110805e-04
2.200000e+02  2.210000e+02  3.441776e-04
2.210000e+02  2.220000e+02  1.346272e-04
2.220000e+02  2.230000e+02  1.298618e-04
2.230000e+02  2.240000e+02  1.312451e-04
2.240000e+02  2.250000e+02  2.158510e-04
2.250000e+02  2.260000e+02  1.722168e-04
2.260000e+02  2.270000e+02  1.687693e-04
2.270000e+02  2.280000e+02  1.083596e-05
2.280000e+02  2.290000e+02  6.067920e-05
2.290000e+02  2.300000e+02  1.942842e-04
2.300000e+02  2.310000e+02  2.230976e-04
2.310000e+02  2.320000e+02  1.360459e-04
2.320000e+02  2.330000e+02  1.334814e-04
2.330000e+02  2.340000e+02  7.615465e-05
2.340000e+02  2.350000e+02  8.544898e-05
2.350000e+02  2.360000e+02  1.750021e-04
2.360000e+02  2.370000e+02  8.887429e-05
2.370000e+02  2.380000e+02  8.641659e-05
2.380000e+02  2.390000e+02  5.323403e-05
2.390000e+02  2.400000e+02  1.260820e-04
2.400000e+02  2.410000e+02  1.746825e-04
2.410000e+02  2.420000e+02  8.854023e-05
2.420000e+02  2.430000e+02  2.061799e-04
2.430000e+02  2.440000e+02  1.279035e-04
2.440000e+02  2.450000e+02  9.349530e-05
2.450000e+02  2.460000e+02  1.982190e-04
2.460000e+02  2.470000e+02  1.025860e-04
2.470000e+02  2.480000e+02  1.627118e-05
2.480000e+02  2.490000e+02  1.887979e-04
2.490000e+02  2.500000e+02  4.352939e-05
