# lower_MeV  upper_MeV  weight
0.000000e+00  0.000000e+00  1.719193e+00
0.000000e+00  1.000000e+00  9.842550e-01
1.000000e+00  2.000000e+00  4.655267e-01
2.000000e+00  3.000000e+00  2.201917e-01
3.000000e+00  4.000000e+00  1.166704e-01
4.000000e+00  5.000000e+00  6.717117e-02
5.000000e+00  6.000000e+00  4.253961e-02
6.000000e+00  7.000000e+00  2.803977e-02
7.000000e+00  8.000000e+00  2.209281e-02
8.000000e+00  9.000000e+00  1.708433e-02
9.000000e+00  1.000000e+01  1.382923e-02
1.000000e+01  1.100000e+01  1.159770e-02
1.100000e+01  1.200000e+01  1.062118e-02
1.200000e+01  1.300000e+01  9.464263e-03
1.300000e+01  1.400000e+01  7.129368e-03
1.400000e+01  1.500000e+01  7.125935e-03
1.500000e+01  1.600000e+01  6.606676e-03
1.600000e+01  1.700000e+01  5.857314e-03
1.700000e+01  1.800000e+01  5.371884e-03
1.800000e+01  1.900000e+01  5.005296e-03
1.900000e+01  2.000000e+01  4.719007e-03
2.000000e+01  2.100000e+01  4.255810e-03
2.100000e+01  2.200000e+01  3.874890e-03
2.200000e+01  2.300000e+01  4.138015e-03
2.300000e+01  2.400000e+01  3.870280e-03
2.400000e+01  2.500000e+01  3.802902e-03
2.500000e+01  2.600000e+01  2.975698e-03
2.600000e+01  2.700000e+01  2.988710e-03
2.700000e+01  2.800000e+01  3.138409e-03
2.800000e+01  2.900000e+01  2.806011e-03
2.900000e+01  3.000000e+01  3.274427e-03
3.000000e+01  3.100000e+01  2.895901e-03
3.100000e+01  3.200000e+01  2.671032e-03
3.200000e+01  3.300000e+01  2.357704e-03
3.300000e+01  3.400000e+01  2.604066e-03
3.400000e+01  3.500000e+01  2.596771e-03
3.500000e+01  3.600000e+01  2.529584e-03
3.600000e+01  3.700000e+01  2.068370e-03
3.700000e+01  3.800000e+01  2.295551e-03
3.800000e+01  3.900000e+01  2.154407e-03
3.900000e+01  4.000000e+01  1.856595e-03
4.000000e+01  4.100000e+01  2.221068e-03
4.100000e+01  4.200000e+01  2.070517e-03
4.200000e+01  4.300000e+01  2.179188e-03
4.300000e+01  4.400000e+01  1.882254e-03
4.400000e+01  4.500000e+01  2.132161e-03
4.500000e+01  4.600000e+01  1.773430e-03
4.600000e+01  4.700000e+01  1.894805e-03
4.700000e+01  4.800000e+01  1.984584e-03
4.800000e+01  4.900000e+01  2.038084e-03
4.900000e+01  5.000000e+01  1.694988e-03
5.000000e+01  5.100000e+01  1.930399e-03
5.100000e+01  5.200000e+01  2.035925e-03
5.200000e+01  5.300000e+01  1.676095e-03
5.300000e+01  5.400000e+01  1.849718e-03
5.400000e+01  5.500000e+01  1.891438e-03
5.500000e+01  5.600000e+01  1.961822e-03
5.600000e+01  5.700000e+01  1.695343e-03
5.700000e+01  5.800000e+01  1.956402e-03
5.800000e+01  5.900000e+01  1.501245e-03
5.900000e+01  6.000000e+01  1.610639e-03
6.000000e+01  6.100000e+01  1.489497e-03
6.100000e+01  6.200000e+01  1.587696e-03
6.200000e+01  6.300000e+01  1.593923e-03
6.300000e+01  6.400000e+01  1.445383e-03
6.400000e+01  6.500000e+01  1.542310e-03
6.500000e+01  6.600000e+01  1.283253e-03
6.600000e+01  6.700000e+01  1.272931e-03
6.700000e+01  6.800000e+01  1.289096e-03
6.800000e+01  6.900000e+01  1.345164e-03
6.900000e+01  7.000000e+01  1.373655e-03
7.000000e+01  7.100000e+01  1.416418e-03
7.100000e+01  7.200000e+01  1.523514e-03
7.200000e+01  7.300000e+01  1.093992e-03
7.300000e+01  7.400000e+01  1.250141e-03
7.400000e+01  7.500000e+01  1.288653e-03
7.500000e+01  7.600000e+01  1.081493e-03
7.600000e+01  7.700000e+01  1.254665e-03
7.700000e+01  7.800000e+01  1.430342e-03
7.800000e+01  7.900000e+01  1.120446e-03
7.900000e+01  8.000000e+01  1.283667e-03
8.000000e+01  8.100000e+01  1.039991e-03
8.100000e+01  8.200000e+01  1.203316e-03
8.200000e+01  8.300000e+01  1.130107e-03
8.300000e+01  8.400000e+01  1.188168e-03
8.400000e+01  8.500000e+01  1.049028e-03
8.500000e+01  8.600000e+01  1.159729e-03
8.600000e+01  8.700000e+01  1.316490e-03
8.700000e+01  8.800000e+01  9.553809e-04
8.800000e+01  8.900000e+01  1.039630e-03
8.900000e+01  9.000000e+01  8.627331e-04
9.000000e+01  9.100000e+01  1.082701e-03
9.100000e+01  9.200000e+01  7.535204e-04
9.200000e+01  9.300000e+01  9.830125e-04
9.300000e+01  9.400000e+01  1.000492e-03
9.400000e+01  9.500000e+01  9.845978e-04
9.500000e+01  9.600000e+01  1.010309e-03
9.600000e+01  9.700000e+01  1.039194e-03
9.700000e+01  9.800000e+01  1.046134e-03
9.800000e+01  9.900000e+01  7.213121e-04
9.900000e+01  1.000000e+02  8.305316e-04
1.000000e+02  1.010000e+02  6.559699e-04
1.010000e+02  1.020000e+02  6.420034e-04
1.020000e+02  1.030000e+02  7.424929e-04
1.030000e+02  1.040000e+02  7.757206e-04
1.040000e+02  1.050000e+02  7.058367e-04
1.050000e+02  1.060000e+02  7.027627e-04
1.060000e+02  1.070000e+02  6.911582e-04
1.070000e+02  1.080000e+02  7.339854e-04
1.080000e+02  1.090000e+02  9.179398e-04
1.090000e+02  1.100000e+02  6.218819e-04
1.100000e+02  1.110000e+02  5.771640e-04
1.110000e+02  1.120000e+02  5.246171e-04
1.120000e+02  1.130000e+02  6.588438e-04
1.130000e+02  1.140000e+02  8.004573e-04
1.140000e+02  1.150000e+02  4.963473e-04
1.150000e+02  1.160000e+02  4.627808e-04
1.160000e+02  1.170000e+02  6.702739e-04
1.170000e+02  1.180000e+02  5.258386e-04
1.180000e+02  1.190000e+02  7.019275e-04
1.190000e+02  1.200000e+02  6.716121e-04
1.200000e+02  1.210000e+02  4.980927e-04
1.210000e+02  1.220000e+02  5.362481e-04
1.220000e+02  1.230000e+02  5.080105e-04
1.230000e+02  1.240000e+02  5.258417e-04
1.240000e+02  1.250000e+02  3.523629e-04
1.250000e+02  1.260000e+02  2.793112e-04
1.260000e+02  1.270000e+02  5.745395e-04
1.270000e+02  1.280000e+02  5.295877e-04
1.280000e+02  1.290000e+02  4.589664e-04
1.290000e+02  1.300000e+02  3.526182e-04
1.300000e+02  1.310000e+02  4.661907e-04
1.310000e+02  1.320000e+02  4.816346e-04
1.320000e+02  1.330000e+02  4.596803e-04
1.330000e+02  1.340000e+02  4.445801e-04
1.340000e+02  1.350000e+02  3.961460e-04
1.350000e+02  1.360000e+02  3.769870e-04
1.360000e+02  1.370000e+02  4.249835e-04
1.370000e+02  1.380000e+02  4.175469e-04
1.380000e+02  1.390000e+02  3.619550e-04
1.390000e+02  1.400000e+02  2.827446e-04
1.400000e+02  1.410000e+02  3.520625e-04
1.410000e+02  1.420000e+02  4.600189e-04
1.420000e+02  1.430000e+02  3.725700e-04
1.430000e+02  1.440000e+02  3.622290e-04
1.440000e+02  1.450000e+02  4.519456e-04
1.450000e+02  1.460000e+02  3.113971e-04
1.460000e+02  1.470000e+02  2.854702e-04
1.470000e+02  1.480000e+02  4.385005e-04
1.480000e+02  1.490000e+02  2.832660e-04
1.490000e+02  1.500000e+02  3.504601e-04
1.500000e+02  1.510000e+02  2.547397e-04
1.510000e+02  1.520000e+02  2.986956e-04
1.520000e+02  1.530000e+02  2.781854e-04
1.530000e+02  1.540000e+02  3.399170e-04
1.540000e+02  1.550000e+02  3.308183e-04
1.550000e+02  1.560000e+02  4.665854e-04
1.560000e+02  1.570000e+02  3.286037e-04
1.570000e+02  1.580000e+02  1.252712e-04
1.580000e+02  1.590000e+02  2.834144e-04
1.590000e+02  1.600000e+02  2.351762e-04
1.600000e+02  1.610000e+02  9.788683e-05
1.610000e+02  1.620000e+02  1.276968e-04
1.620000e+02  1.630000e+02  2.539430e-04
1.630000e+02  1.640000e+02  3.365834e-04
1.640000e+02  1.650000e+02  2.375519e-04
1.650000e+02  1.660000e+02  2.215251e-04
1.660000e+02  1.670000e+02  2.485515e-04
1.670000e+02  1.680000e+02  2.328785e-04
1.680000e+02  1.690000e+02  1.467742e-04
1.690000e+02  1.700000e+02  2.344885e-04
1.700000e+02  1.710000e+02  1.744745e-04
1.710000e+02  1.720000e+02  2.576632e-04
1.720000e+02  1.730000e+02  2.262574e-04
1.730000e+02  1.740000e+02  2.284414e-04
1.740000e+02  1.750000e+02  2.088763e-04
1.750000e+02  1.760000e+02  2.792555e-04
1.760000e+02  1.770000e+02  1.121053e-04
1.770000e+02  1.780000e+02  2.498591e-04
1.780000e+02  1.790000e+02  2.266182e-04
1.790000e+02  1.800000e+02  2.192557e-04
1.800000e+02  1.810000e+02  2.233869e-04
1.810000e+02  1.820000e+02  1.411440e-04
1.820000e+02  1.830000e+02  1.391052e-04
1.830000e+02  1.840000e+02  2.442497e-04
1.840000e+02  1.850000e+02  2.217560e-04
1.850000e+02  1.860000e+02  1.152274e-04
1.860000e+02  1.870000e+02  2.293553e-04
1.870000e+02  1.880000e+02  1.169053e-04
1.880000e+02  1.890000e+02  1.889388e-04
1.890000e+02  1.900000e+02  1.512130e-04
1.900000e+02  1.910000e+02  8.076720e-05
1.910000e+02  1.920000e+02  1.205139e-04
1.920000e+02  1.930000e+02  1.697102e-04
1.930000e+02  1.940000e+02  8.751423e-05
1.940000e+02  1.950000e+02  1.060123e-04
1.950000e+02  1.960000e+02  2.030899e-04
1.960000e+02  1.970000e+02  1.407806e-04
1.970000e+02  1.980000e+02  8.066012e-05
1.980000e+02  1.990000e+02  7.027580e-05
1.990000e+02  2.000000e+02  8.076342e-05
2.000000e+02  2.010000e+02  1.455202e-04
2.010000e+02  2.020000e+02  6.860343e-05
2.020000e+02  2.030000e+02  9.268981e-05
2.030000e+02  2.040000e+02  1.359742e-04
2.040000e+02  2.050000e+02  9.492547e-05
2.050000e+02  2.060000e+02  7.180812e-05
2.060000e+02  2.070000e+02  1.290809e-04
2.070000e+02  2.080000e+02  3.315837e-05
2.080000e+02  2.090000e+02  7.595777e-05
2.090000e+02  2.100000e+02  6.522765e-05
2.100000e+02  2.110000e+02  7.434269e-05
2.110000e+02  2.120000e+02  2.122922e-04
2.120000e+02  2.130000e+02  6.726239e-05
2.130000e+02  2.140000e+02  1.242758e-04
2.140000e+02  2.150000e+02  1.081045e-04
2.150000e+02  2.160000e+02  6.573388e-05
2.160000e+02  2.170000e+02  6.732468e-05
2.170000e+02  2.180000e+02  1.723326e-05
2.180000e+02  2.190000e+02  1.437276e-04
2.190000e+02  2.200000e+02  1.284224e-04
2.200000e+02  2.210000e+02  1.506454e-04
2.210000e+02  2.220000e+02  6.542150e-05
2.220000e+02  2.230000e+02  6.295989e-05
2.230000e+02  2.240000e+02  6.415617e-05
2.240000e+02  2.250000e+02  1.061281e-04
2.250000e+02  2.260000e+02  6.429715e-05
2.260000e+02  2.270000e+02  8.223985e-05
2.270000e+02  2.280000e+02  5.524153e-06
2.280000e+02  2.290000e+02  2.321569e-05
2.290000e+02  2.300000e+02  9.494509e-05
2.300000e+02  2.310000e+02  1.092002e-04
2.310000e+02  2.320000e+02  6.586423e-05
2.320000e+02  2.330000e+02  6.518786e-05
2.330000e+02  2.340000e+02  3.501329e-05
2.340000e+02  2.350000e+02  4.159109e-05
2.350000e+02  2.360000e+02  8.585245e-05
2.360000e+02  2.370000e+02  4.250718e-05
2.370000e+02  2.380000e+02  2.375386e-05
2.380000e+02  2.390000e+02  2.612145e-05
2.390000e+02  2.400000e+02  6.192308e-05
2.400000e+02  2.410000e+02  6.700713e-05
2.410000e+02  2.420000e+02  4.378400e-05
2.420000e+02  2.430000e+02  6.367902e-05
2.430000e+02  2.440000e+02  4.414584e-05
2.440000e+02  2.450000e+02  4.559159e-05
2.450000e+02  2.460000e+02  9.713892e-05
2.460000e+02  2.470000e+02  4.361796e-05
2.470000e+02  2.480000e+02  3.537467e-06
2.480000e+02  2.490000e+02  6.556907e-05
2.490000e+02  2.500000e+02  2.101640e-05
