1.00E-11	1.89E-03
1.00E-09	1.89E-03
1.00E-08	2.36E-03
2.50E-08	2.74E-03
1.00E-07	3.58E-03
2.00E-07	4.03E-03
5.00E-07	4.61E-03
1.00E-06	4.97E-03
2.00E-06	5.22E-03
5.00E-06	5.40E-03
1.00E-05	5.44E-03
2.00E-05	5.44E-03
5.00E-05	5.33E-03
1.00E-04	5.26E-03
2.00E-04	5.18E-03
5.00E-04	5.11E-03
1.00E-03	5.11E-03
2.00E-03	5.18E-03
5.00E-03	5.65E-03
1.00E-02	6.59E-03
2.00E-02	8.57E-03
3.00E-02	1.04E-02
5.00E-02	1.39E-02
7.00E-02	1.70E-02
1.00E-01	2.15E-02
1.50E-01	2.89E-02
2.00E-01	3.56E-02
3.00E-01	4.79E-02
5.00E-01	6.77E-02
7.00E-01	8.32E-02
9.00E-01	9.61E-02
1.00E+00	1.02E-01
1.20E+00	1.12E-01
2.00E+00	1.38E-01
3.00E+00	1.56E-01
4.00E+00	1.65E-01
5.00E+00	1.71E-01
6.00E+00	1.74E-01
7.00E+00	1.76E-01
8.00E+00	1.78E-01
9.00E+00	1.79E-01
1.00E+01	1.80E-01
1.20E+01	1.80E-01
1.40E+01	1.79E-01
1.50E+01	1.78E-01
1.60E+01	1.77E-01
1.80E+01	1.75E-01
2.00E+01	1.73E-01
3.00E+01	1.65E-01
5.00E+01	1.57E-01
7.50E+01	1.54E-01
1.00E+02	1.54E-01
1.30E+02	1.56E-01
1.50E+02	1.58E-01
1.80E+02	1.60E-01
2.00E+02	1.70E-01
5.00E+02	2.27E-01
1.00E+03	3.49E-01
2.00E+03	5.07E-01
